Path:323,741,796,705,935,257,284,837,896,492,1016,347,766,893,528,159,271,919,981,256,991,319,717,654,872,587,332,219,206,478,13,1057,243,515,583,410,498,497,178,39,669,310,337,117,830,876,757,297,438,408,359,675,12,107,151,44,302,385,94,547,833,552,955,1072,454,313,700,865,517,857,712,535,679,582,234,398,395,10,93,854,203,614,96,735,40,470,69,748,795,571,933,186,190,1007,67,489,877,393,563,885,254,591,413,957,308,213,447,576,477,233,278,611,639,95,986,281,486,79,111,505,1069,355,688,98,358,299,115,74,86,627,293,637,1002,785,607,156,189,690,557,341,1037,119,697,670,414,1034,1080,853,871,890
Evaluation:0.449649503
Feasible: NO
195171.000000
Seed: 245441251