Path:697,757,876,297,438,408,44,359,151,107,12,675,190,186,933,571,1007,853,1034,1080,414,670,871,890,40,67,795,748,69,470,735,323,284,935,705,257,837,741,796,341,557,156,189,1002,10,627,293,299,115,74,86,385,302,119,94,833,955,1072,712,857,497,498,410,515,13,535,1057,243,478,583,991,319,256,254,413,591,688,355,98,477,830,178,39,669,310,117,337,865,517,313,454,700,552,547,1037,398,957,308,213,717,206,219,332,872,587,654,447,576,1069,986,278,611,639,233,95,637,93,854,395,607,785,690,111,79,486,281,505,358,528,893,766,563,885,393,877,271,919,981,159,347,203,489,1016,492,896,614,96,679,582,234
Evaluation:0.510420843
Feasible: NO
146175.000000
Seed: 245441251