Path:299,44,107,151,190,933,571,69,40,735,741,323,705,284,935,257,837,796,871,670,438,297,757,876,697,1080,890,414,853,1034,96,896,347,563,766,893,528,119,398,1037,341,607,785,557,156,690,1002,189,159,885,393,877,203,614,1016,492,67,1007,186,675,12,359,408,74,115,627,293,637,86,93,10,854,395,477,576,219,206,332,872,587,654,447,213,717,308,991,413,957,591,254,981,271,319,256,919,489,470,748,795,830,178,117,337,517,1072,955,700,313,552,454,865,712,611,95,639,233,278,79,986,111,505,1069,98,688,358,355,281,486,478,1057,13,243,535,679,234,582,857,39,669,310,497,498,410,583,515,833,547,94,385,302
Evaluation:0.490343047
Feasible: NO
182430.000000
Seed: 245441251