Path:98,355,1069,486,281,688,477,278,639,95,233,611,986,111,79,505,358,576,447,654,156,690,189,1002,607,557,341,1037,398,119,489,203,492,735,40,96,896,614,1016,347,393,877,159,919,271,981,256,319,10,785,395,854,93,637,385,302,293,627,837,257,528,885,563,591,991,957,308,717,587,332,219,206,872,213,413,254,893,766,935,284,705,323,796,741,890,871,1080,1034,414,853,670,697,359,299,115,408,438,297,757,876,830,117,337,517,865,712,857,497,310,669,39,178,498,410,515,583,478,243,13,1057,535,679,234,582,1072,313,700,454,552,955,833,547,94,86,74,44,186,933,571,795,748,470,69,67,1007,190,675,12,151,107
Evaluation:0.443129776
Feasible: NO
228839.000000
Seed: 245441251