Path:203,347,766,893,705,323,741,796,890,871,414,670,876,757,297,438,359,1007,186,933,190,675,12,107,151,44,299,115,830,117,337,310,669,39,178,497,515,583,13,478,243,1057,498,857,712,865,517,1072,700,313,454,552,955,119,302,93,854,10,395,156,690,189,1002,785,607,557,341,1037,398,94,547,833,535,410,219,206,332,587,872,213,308,957,413,591,991,319,256,981,919,271,877,393,885,563,254,159,86,385,637,627,293,74,408,697,853,1034,1080,96,1016,492,896,614,489,470,69,748,795,571,67,735,40,284,837,257,935,528,358,582,234,679,95,639,278,611,233,986,79,111,281,486,505,98,1069,355,688,477,576,447,654,717
Evaluation:0.435083175
Feasible: NO
189160.000000
Seed: 245441251