Path:10,854,93,637,627,293,299,115,74,408,757,697,735,40,492,896,1016,203,489,454,552,712,865,337,117,830,795,748,69,470,877,393,563,477,1069,611,278,639,95,233,111,986,410,857,669,310,39,178,497,498,515,583,478,535,1057,243,13,517,313,700,1072,955,833,119,302,385,86,1037,398,94,547,582,679,234,79,505,281,486,98,358,766,347,323,741,890,796,284,837,935,257,705,1080,853,1034,414,359,1007,12,675,190,186,933,571,67,893,528,355,688,1002,189,607,785,690,156,557,341,395,271,919,256,591,159,254,981,319,991,957,308,413,213,717,332,219,206,872,587,654,576,447,885,614,96,871,670,876,438,297,107,151,44
Evaluation:0.523759872
Feasible: NO
183887.000000
Seed: 245441476