Path:281,505,688,98,1069,355,358,528,257,705,871,890,1034,853,697,359,44,12,107,151,299,115,74,408,302,385,86,637,627,293,10,854,93,233,278,639,95,611,986,111,79,486,477,576,447,654,213,308,957,991,319,271,489,69,748,795,830,117,337,865,517,313,454,552,955,700,1072,582,679,234,398,591,413,717,872,206,219,587,332,256,981,919,470,571,933,186,190,675,1007,67,40,735,96,1016,492,203,614,347,893,766,284,837,323,935,690,156,189,1002,395,607,785,557,341,1037,119,94,547,833,712,857,498,497,669,310,39,178,410,515,583,243,13,478,535,1057,254,563,885,159,393,877,896,796,741,1080,670,414,757,438,297,876
Evaluation:0.469067792
Feasible: NO
184852.000000
Seed: 245441251