Path:563,885,159,319,256,413,957,591,308,717,872,587,332,219,206,654,576,447,213,991,271,919,981,347,393,877,254,1069,477,486,281,986,79,111,505,611,95,639,278,233,688,98,355,358,528,893,766,837,257,935,627,637,93,854,10,395,607,785,1002,189,156,690,557,341,1037,398,234,582,679,833,1072,700,517,865,337,117,830,871,890,1034,414,670,853,1080,741,323,284,705,796,497,178,39,310,669,498,478,535,13,243,1057,583,515,410,857,712,313,955,552,454,547,94,119,302,385,86,293,299,107,44,12,1007,735,40,96,1016,896,614,492,697,876,757,297,438,408,74,115,151,359,190,675,933,186,748,795,571,67,69,470,489,203
Evaluation:0.411747430
Feasible: NO
213301.000000
Seed: 245441251