Path:96,705,257,837,935,284,323,741,796,890,871,414,1080,1034,853,670,697,876,757,297,438,408,74,293,637,627,302,385,86,115,299,44,107,151,12,359,675,933,190,186,1007,795,748,830,117,337,669,310,497,178,39,857,865,517,1072,313,955,552,712,515,498,583,410,1057,679,234,582,535,243,478,13,639,95,278,233,611,477,98,1069,355,688,505,986,111,79,486,281,690,156,189,1002,395,854,93,10,607,785,557,341,1037,398,119,94,547,833,700,454,766,893,528,358,308,957,591,413,254,991,271,877,489,203,470,69,571,67,735,40,492,1016,614,896,347,393,563,885,159,981,919,256,319,717,213,447,576,654,872,587,206,219,332
Evaluation:0.411844050
Feasible: NO
185543.000000
Seed: 245441251