Path:830,178,39,337,117,310,669,497,498,410,515,1072,552,454,700,313,955,833,547,94,398,119,271,981,319,991,254,159,877,347,284,837,323,741,670,1007,571,748,795,12,151,107,44,299,115,86,74,408,438,297,876,757,697,359,675,933,186,190,67,69,470,489,203,614,896,893,528,358,486,111,79,986,505,281,98,688,355,1069,477,447,576,654,213,308,591,413,957,885,563,1016,492,735,40,96,1080,414,853,1034,890,871,796,705,257,935,766,393,919,256,717,332,587,872,206,219,712,517,865,857,583,535,1057,243,478,13,679,582,234,1037,302,385,293,627,637,93,854,10,395,785,607,1002,189,690,156,557,341,95,233,639,278,611
Evaluation:0.420372978
Feasible: NO
218511.000000
Seed: 245441251