Path:44,151,107,12,359,337,117,310,669,1007,186,675,190,933,571,748,795,470,69,67,735,40,96,614,203,489,563,528,358,688,1069,355,98,505,637,93,854,10,395,341,1037,398,582,679,833,547,94,119,302,385,86,627,293,74,408,115,299,234,535,1057,243,478,13,583,515,410,1072,700,454,955,552,313,517,865,712,857,39,178,497,498,830,986,639,233,278,611,95,477,576,447,654,206,219,332,872,587,717,591,254,159,885,323,741,796,705,284,837,257,935,893,766,981,319,877,393,347,896,492,1034,853,1080,414,670,876,438,297,757,697,871,890,1016,271,919,256,991,957,413,308,213,486,281,111,79,189,1002,690,156,557,785,607
Evaluation:0.478910262
Feasible: NO
174532.000000
Seed: 245441251