Path:319,991,256,981,919,271,159,766,893,935,257,284,837,528,563,885,254,591,413,308,13,1057,243,478,515,498,497,857,712,700,865,517,313,1072,454,552,955,833,547,94,438,297,757,876,697,670,323,705,796,741,890,871,1080,1034,853,414,341,557,156,690,785,607,93,10,854,395,1002,189,447,576,654,957,213,717,587,872,332,219,206,234,679,582,535,583,410,39,178,669,310,337,117,830,1069,358,355,98,477,688,486,505,281,278,233,611,95,639,79,111,986,119,1037,398,302,385,86,637,293,627,115,107,44,151,12,748,795,571,69,470,735,40,96,1016,896,492,614,347,393,877,203,489,67,1007,933,186,190,675,359,299,74,408
Evaluation:0.477242767
Feasible: NO
166664.000000
Seed: 245441251