Path:302,385,86,293,627,79,111,986,611,95,233,639,278,1069,486,505,281,688,355,358,528,935,257,837,284,670,438,408,74,115,299,637,93,854,10,395,607,1002,189,690,156,785,557,341,119,398,1037,234,582,679,1057,243,583,410,857,865,337,117,830,748,795,470,919,271,319,256,991,591,308,413,957,159,885,563,893,766,741,890,1034,414,697,757,876,297,1080,853,871,796,705,323,347,1016,896,492,614,96,40,735,1007,12,44,151,107,67,203,981,717,872,587,219,206,332,94,547,833,955,552,454,313,517,700,1072,712,497,178,39,669,310,498,515,478,535,13,477,98,576,447,654,213,254,877,393,489,69,571,933,186,190,675,359
Evaluation:0.452810650
Feasible: NO
198679.000000
Seed: 245441251