Path:679,582,234,1037,341,557,690,1002,189,156,785,607,395,93,115,44,151,359,675,186,748,795,571,933,190,67,69,470,489,877,159,254,319,271,981,919,393,563,885,893,528,358,1069,355,688,98,111,79,986,639,611,95,233,278,10,854,637,627,293,299,107,12,1007,40,735,492,203,896,96,853,670,876,757,297,438,408,74,86,385,302,398,119,94,547,833,955,552,700,313,454,865,337,117,830,766,347,614,1016,323,257,837,935,284,705,796,741,890,871,414,1080,1034,697,1072,517,712,857,497,498,583,478,243,13,1057,535,515,410,178,39,669,310,505,486,281,477,576,447,654,587,872,332,219,206,717,308,413,591,957,256,991,213
Evaluation:0.437128189
Feasible: NO
172793.000000
Seed: 245441476