Path:890,871,414,1034,1080,853,670,697,297,438,757,876,830,178,497,515,498,410,583,1057,478,795,748,571,470,69,67,40,741,796,323,935,705,837,284,257,766,893,528,885,563,393,877,489,203,1016,614,896,492,857,712,865,517,700,313,552,454,1072,955,833,679,582,933,186,675,190,359,107,151,44,12,1007,735,96,347,254,591,281,611,233,639,278,95,986,111,486,505,79,688,1069,576,213,717,256,991,319,271,919,981,159,957,308,413,607,785,395,10,627,293,637,86,385,299,115,74,408,337,117,669,310,39,13,243,535,234,1037,302,93,854,1002,189,156,690,557,341,398,119,94,547,358,355,98,477,447,654,872,587,332,206,219
Evaluation:0.501080383
Feasible: NO
175027.000000
Seed: 245441251