Path:486,79,111,505,986,233,95,611,639,278,281,688,669,310,39,178,497,498,323,796,705,284,837,935,257,528,358,98,477,1069,355,447,576,654,717,319,271,919,256,991,591,981,885,563,393,877,159,254,413,957,587,332,219,206,872,213,308,893,766,347,896,203,489,614,1016,492,741,890,871,414,670,757,876,297,438,359,1007,67,69,470,830,117,337,190,933,571,748,795,186,107,44,299,115,86,398,833,313,865,517,712,857,410,583,515,243,478,13,535,1057,582,679,234,1037,341,557,607,785,690,156,189,1002,854,10,395,293,151,12,675,40,735,96,1080,1034,853,697,408,74,627,637,93,302,385,119,94,547,955,454,1072,700,552
Evaluation:0.464302873
Feasible: NO
196300.000000
Seed: 245441502