Path:341,557,156,785,607,690,189,1002,10,854,395,93,302,385,86,637,107,151,44,12,359,115,74,408,438,297,757,876,697,670,414,1080,492,1016,347,203,489,470,795,748,830,117,337,454,547,94,119,398,1037,234,582,833,955,552,313,700,1072,517,614,896,705,323,796,741,853,1034,871,890,284,837,935,257,528,893,766,563,885,877,393,159,254,413,957,308,576,654,447,477,358,98,355,688,1069,281,486,79,111,505,986,639,611,278,233,95,679,535,1057,243,478,13,583,515,712,865,857,497,178,669,310,39,410,498,271,919,981,319,256,991,591,213,717,872,587,206,219,332,627,293,299,190,675,1007,186,933,571,69,67,735,40,96
Evaluation:0.443311408
Feasible: NO
169770.000000
Seed: 245441251