Path:830,117,337,39,310,669,857,865,1072,700,313,219,206,332,587,872,447,576,477,1069,355,688,486,505,111,281,98,358,766,893,257,284,935,837,705,796,871,414,853,1080,1034,890,741,323,492,614,1016,489,203,896,347,393,877,159,254,885,563,528,79,986,639,278,233,95,611,517,712,410,498,178,497,670,697,40,96,735,67,1007,933,571,795,748,69,470,981,319,271,919,256,991,591,957,308,413,213,717,654,408,74,293,627,302,119,955,552,454,876,297,757,438,359,12,107,190,675,186,151,44,299,115,86,385,94,547,833,583,515,13,1057,243,478,535,679,582,234,557,156,785,607,690,189,1002,10,854,637,93,395,341,1037,398
Evaluation:0.480215119
Feasible: NO
178622.000000
Seed: 245441251