Path:591,308,957,413,159,885,393,877,203,614,492,1016,896,96,489,271,919,981,319,991,256,563,893,766,257,284,935,837,705,871,890,414,853,697,876,757,670,741,323,347,254,213,717,587,872,332,206,219,582,679,234,13,478,243,535,1057,410,583,515,498,497,178,39,310,669,337,117,830,795,748,190,12,107,151,44,299,293,637,86,385,302,119,94,547,833,955,552,700,454,313,1072,517,865,712,857,69,470,67,571,933,675,186,1007,735,40,398,1037,341,395,854,10,1002,189,690,156,557,607,785,93,627,115,408,74,359,438,297,1034,1080,796,528,358,688,98,1069,355,576,654,447,477,486,505,281,79,111,986,611,95,639,233,278
Evaluation:0.438056714
Feasible: NO
186830.000000
Seed: 245441465