Path:1002,189,156,690,785,607,557,341,1037,119,398,234,679,582,13,515,243,1057,478,535,583,1072,552,700,313,454,876,297,438,670,871,890,796,741,414,1034,853,735,40,96,347,393,877,159,919,271,213,447,576,477,98,1069,355,688,79,111,278,233,95,611,639,337,117,310,669,39,178,497,498,830,986,486,505,281,358,528,614,1016,896,1080,697,757,74,408,359,12,675,186,1007,190,933,107,151,44,299,115,627,293,637,854,395,10,93,302,385,86,94,547,833,955,517,865,712,857,410,795,748,571,67,69,470,489,203,492,323,705,837,284,935,257,893,766,885,563,254,256,591,308,991,319,981,413,957,717,654,587,872,332,206,219
Evaluation:0.432277287
Feasible: NO
160290.000000
Seed: 245441251