Path:413,991,213,717,332,206,219,587,872,654,447,576,477,1069,688,98,486,505,986,95,611,639,233,278,111,79,281,355,358,308,591,957,254,159,885,563,393,528,837,284,705,1034,414,670,757,297,438,115,74,408,876,697,853,96,735,40,67,830,178,497,498,857,712,1072,552,955,700,454,313,517,865,337,117,310,669,39,410,583,515,243,1057,478,13,535,234,679,582,341,557,156,690,189,1002,607,785,395,10,854,93,302,119,1037,398,94,547,833,896,614,489,203,1016,347,893,766,935,257,323,741,796,890,871,1080,492,877,271,919,256,319,981,470,69,748,795,571,933,186,190,1007,675,12,107,151,359,44,299,293,637,627,86,385
Evaluation:0.385935529
Feasible: NO
214022.000000
Seed: 245441251