Path:690,156,785,395,854,10,93,637,627,293,86,385,302,355,358,1069,486,281,986,79,111,679,234,582,13,1057,535,478,243,410,515,583,498,497,669,857,712,517,700,313,1072,95,611,639,233,278,477,98,505,688,576,654,872,587,332,219,206,447,528,492,190,933,571,203,323,257,935,837,284,705,796,741,890,871,408,74,115,299,359,151,44,107,12,1007,489,563,885,159,254,413,957,591,308,213,717,319,981,256,991,919,271,877,393,766,893,347,896,1016,614,96,186,675,438,297,876,757,697,670,414,853,1034,1080,735,40,67,69,470,748,795,830,178,39,310,117,337,865,454,552,955,833,547,94,119,398,1037,341,557,607,1002,189
Evaluation:0.448850158
Feasible: NO
255650.000000
Seed: 245441476