Path:654,576,447,358,477,1069,355,98,688,281,79,111,486,505,986,95,611,278,639,233,302,385,86,293,627,637,93,854,10,1002,189,607,717,308,957,413,981,919,271,319,991,256,332,206,219,587,872,213,591,885,563,393,489,203,896,1016,492,614,347,877,159,254,700,517,712,857,865,1072,955,454,313,552,528,893,766,257,284,935,837,705,323,741,796,890,1034,414,670,833,547,94,119,395,156,690,785,557,341,1037,398,234,582,679,13,1057,535,478,243,583,515,410,498,497,117,337,310,39,669,178,830,67,470,69,571,795,748,190,933,12,107,359,299,74,408,115,151,44,186,675,1007,735,40,96,853,871,1080,697,757,438,297,876
Evaluation:0.459592239
Feasible: NO
213807.000000
Seed: 245441251