Path:830,117,337,310,669,39,178,498,410,515,478,243,1057,13,535,766,893,257,935,837,284,1080,853,414,890,871,1034,697,670,757,876,297,438,408,74,115,86,385,302,1037,234,582,679,833,547,94,119,398,341,557,156,690,189,1002,607,785,10,395,854,93,637,627,293,299,44,359,151,107,12,675,190,748,795,571,67,69,470,583,712,857,497,654,576,447,355,98,1069,281,505,486,111,79,986,639,95,611,233,278,477,688,358,528,413,957,159,254,213,308,591,991,393,877,885,563,919,271,319,981,256,717,587,872,332,206,219,517,865,313,1072,955,454,552,700,933,186,1007,489,203,1016,614,492,735,40,96,741,796,705,323,896,347
Evaluation:0.444401054
Feasible: NO
185454.000000
Seed: 245441251