Path:833,547,94,119,398,1037,341,385,74,115,359,697,414,853,890,871,1034,1080,40,735,96,614,347,893,766,234,582,679,535,243,478,13,1057,712,857,497,498,583,515,410,254,591,413,957,308,213,717,256,991,271,919,981,319,159,885,563,830,178,39,669,310,117,337,865,517,1072,313,955,552,700,454,393,877,489,203,1016,896,492,67,69,470,748,795,571,933,12,151,299,293,637,93,557,156,690,189,1002,86,408,438,757,297,876,670,796,741,323,705,257,284,837,935,528,358,505,281,486,986,111,79,688,355,1069,576,654,587,332,219,206,872,447,98,477,278,95,639,611,233,607,785,395,854,10,302,627,44,107,190,1007,186,675
Evaluation:0.475565605
Feasible: NO
184854.000000
Seed: 245441251