Path:111,95,611,233,639,278,477,576,447,256,991,254,492,323,796,741,670,359,12,675,186,190,933,1007,203,563,893,766,79,986,486,281,505,355,688,98,1069,358,528,257,935,837,284,705,478,535,679,582,234,1037,1080,1034,890,871,414,757,438,408,86,385,119,398,94,547,833,955,552,700,1072,712,919,981,319,271,877,393,347,1016,614,489,470,69,67,571,795,748,107,151,44,299,115,627,293,302,93,854,10,395,341,557,785,607,690,156,189,1002,637,74,297,876,697,853,40,735,96,896,885,159,308,213,717,872,332,219,206,587,654,413,591,957,830,178,39,410,583,1057,13,243,515,497,310,669,117,337,498,857,865,517,313,454
Evaluation:0.489522739
Feasible: NO
186206.000000
Seed: 245441251