Path:489,203,1016,492,614,896,347,393,877,159,254,981,919,271,563,885,766,893,935,257,284,837,528,830,117,337,497,243,478,13,583,178,39,310,669,639,95,986,79,505,486,1069,355,688,98,477,281,111,611,233,278,535,1057,582,679,234,1037,398,119,576,447,358,10,854,341,557,785,690,156,189,1002,607,395,93,637,293,627,302,385,86,115,74,408,438,297,876,757,670,414,697,359,299,44,107,151,12,675,933,571,748,795,186,190,1007,67,470,69,40,735,96,1034,1080,853,705,323,796,741,890,871,94,547,833,1072,712,410,515,498,857,865,517,700,454,955,552,313,591,957,991,319,256,717,587,332,219,206,872,654,213,308,413
Evaluation:0.483708533
Feasible: NO
179071.000000
Seed: 245441251