Path:454,313,865,712,857,410,13,535,582,341,557,607,395,93,637,86,385,302,408,697,735,40,896,614,393,877,319,256,991,591,957,413,159,935,257,837,284,766,893,347,1016,492,67,795,748,955,552,700,517,1072,833,547,94,679,234,1037,398,119,757,438,297,876,670,414,1034,1080,853,871,890,96,741,796,323,705,528,688,505,79,111,278,233,986,281,486,358,308,213,717,332,872,587,447,477,98,1069,355,830,117,337,310,669,39,178,497,498,515,583,478,243,1057,611,95,639,576,654,219,206,189,156,690,785,1002,10,854,627,293,74,115,299,44,151,107,12,359,1007,675,186,190,933,571,69,470,203,489,563,885,254,981,271,919
Evaluation:0.481134470
Feasible: NO
210599.000000
Seed: 245441251