Path:39,310,669,117,1034,1080,796,705,284,837,257,935,528,358,98,688,79,639,278,233,341,557,156,690,189,1002,607,785,395,10,854,219,332,206,587,872,213,159,877,347,1016,896,323,741,890,414,871,670,830,178,497,857,583,410,498,515,243,478,535,13,1057,679,582,234,1037,398,119,94,547,833,748,795,186,190,1007,67,735,40,96,853,697,876,757,297,438,408,74,293,627,115,299,44,151,107,12,359,675,933,571,69,470,489,203,614,492,393,271,919,981,563,885,893,766,454,313,1072,955,552,700,712,517,865,337,254,256,991,319,591,957,308,413,717,654,576,447,477,1069,355,505,486,281,111,986,611,95,637,302,385,86,93
Evaluation:0.504713938
Feasible: NO
186230.000000
Seed: 245441251