Path:454,313,865,712,857,39,178,410,583,515,243,1057,13,478,44,115,299,302,385,86,854,10,1002,785,156,690,189,688,505,355,358,98,1069,477,111,986,611,486,281,79,498,497,310,669,337,117,830,766,563,885,393,919,256,991,587,219,206,332,872,654,576,447,528,893,347,614,96,40,735,470,69,67,571,933,186,675,190,748,795,1007,12,107,151,359,297,438,408,74,233,278,639,95,627,293,637,93,395,607,557,341,119,94,833,535,679,582,234,398,1037,547,955,517,700,1072,552,757,876,697,853,1080,1034,670,414,871,890,741,796,705,257,837,935,284,323,1016,896,492,203,489,877,159,271,981,319,254,413,308,591,957,213,717
Evaluation:0.499363812
Feasible: NO
179701.000000
Seed: 245441251