Path:359,1007,67,69,470,489,393,885,563,766,893,935,837,705,284,257,528,358,355,1069,688,505,611,233,639,95,986,278,830,178,497,498,669,310,39,410,515,857,712,517,313,700,1072,454,552,955,865,337,117,96,735,40,151,107,12,675,190,933,571,795,748,186,44,299,293,627,302,119,398,582,583,13,243,1057,679,234,1037,341,395,93,486,281,111,79,98,477,447,576,654,213,957,308,591,413,991,256,319,271,919,981,254,159,877,203,1016,896,347,614,492,323,741,796,871,890,414,478,535,833,547,94,385,86,115,408,757,697,1080,1034,853,670,876,297,438,74,637,854,10,607,690,156,557,785,1002,189,717,872,587,332,219,206
Evaluation:0.487468069
Feasible: NO
173225.000000
Seed: 245441251