Path:669,310,39,178,497,498,410,857,865,517,313,454,700,552,955,1072,712,337,117,830,219,206,256,991,271,919,254,159,877,393,583,515,243,13,234,582,94,119,302,385,627,637,293,299,151,748,795,571,933,190,675,186,1007,67,40,735,96,796,705,323,837,284,257,935,893,528,355,358,486,79,111,505,281,986,611,233,639,278,95,1069,98,477,688,576,447,654,717,413,308,957,213,872,587,332,319,981,591,885,563,766,347,614,492,1016,896,203,489,470,69,12,44,107,359,757,876,670,414,1034,1080,871,890,741,853,697,297,438,408,74,115,86,93,607,785,395,854,10,1002,189,690,156,557,341,398,1037,547,833,679,1057,478,535
Evaluation:0.410263878
Feasible: NO
157414.000000
Seed: 245441251