Path:748,795,571,933,190,186,1007,67,69,470,203,489,393,877,271,319,991,591,308,213,872,587,332,219,206,256,919,981,957,528,893,766,284,837,935,257,796,741,13,478,857,712,865,517,313,955,833,1072,454,552,700,337,117,95,278,639,611,233,505,281,986,79,486,111,1069,98,355,358,688,477,447,576,654,717,413,254,159,885,563,347,323,705,871,890,670,757,297,876,697,414,1034,1080,853,40,735,96,614,1016,492,896,189,1002,10,854,395,341,1037,398,94,547,119,785,607,690,156,557,234,582,679,535,1057,243,515,410,583,498,497,310,669,39,178,830,675,12,151,107,44,359,438,408,74,115,299,293,627,637,93,86,385,302
Evaluation:0.434051279
Feasible: NO
200495.000000
Seed: 245441502