Path:830,178,497,498,515,478,13,1057,243,535,679,582,234,547,833,94,119,398,1037,341,557,607,785,1002,189,156,690,871,890,670,414,1080,1034,853,697,876,757,297,438,408,74,86,385,302,10,395,854,93,637,627,293,299,115,151,44,1007,67,735,40,96,896,347,563,885,271,393,877,489,203,614,1016,492,741,796,705,766,893,528,358,355,1069,98,486,281,111,79,505,986,639,611,233,278,95,117,337,669,310,39,857,865,712,313,700,517,1072,454,552,955,583,410,935,257,323,837,284,688,477,576,447,654,213,591,308,957,159,254,413,717,872,587,332,206,219,991,256,319,981,919,470,69,748,795,571,933,186,190,675,107,12,359
Evaluation:0.413053724
Feasible: NO
169434.000000
Seed: 245441251