Path:492,614,203,1016,896,96,796,741,890,1080,735,40,830,117,337,865,313,454,552,1072,700,517,712,857,39,669,310,497,178,498,583,410,515,13,833,955,547,332,219,206,587,872,957,591,413,254,159,877,347,323,705,284,935,257,837,528,893,766,563,319,991,256,981,271,919,478,243,1057,535,582,679,234,67,69,470,489,393,885,308,213,717,654,576,447,477,1069,98,355,358,281,505,486,688,79,111,986,95,639,233,611,278,94,119,1037,398,302,385,86,115,74,408,438,297,876,757,697,853,1034,670,414,871,341,557,607,785,690,156,189,1002,10,395,854,93,637,627,293,299,44,107,151,12,359,1007,795,748,571,933,675,186,190
Evaluation:0.458497435
Feasible: NO
152857.000000
Seed: 245441251