Path:576,654,872,587,206,219,332,748,795,571,69,470,492,1016,323,705,284,837,257,766,893,528,957,413,447,477,1069,98,355,688,281,111,79,986,611,13,243,1057,583,478,535,582,679,234,955,552,454,700,1072,313,517,865,337,117,857,712,833,547,94,119,398,1037,341,557,607,395,854,10,93,86,385,302,637,627,293,299,115,74,408,414,1080,935,358,486,505,95,639,278,233,717,213,308,591,254,159,877,489,203,614,96,735,40,697,670,757,876,438,297,359,151,44,107,12,190,933,186,675,1007,67,830,178,497,498,515,410,39,310,669,853,1034,890,871,796,741,896,347,563,393,885,271,981,919,256,991,319,189,1002,785,156,690
Evaluation:0.460709904
Feasible: NO
218732.000000
Seed: 245441251