Path:830,178,39,857,712,700,552,955,313,454,1072,517,865,337,117,310,669,497,498,515,410,243,1057,705,284,837,935,257,323,741,796,1080,438,408,115,74,297,876,757,670,1034,492,1016,347,96,40,735,190,675,186,795,748,571,933,67,69,470,489,203,614,896,1007,12,107,359,697,853,414,871,890,13,535,478,583,254,159,308,957,413,591,213,654,447,576,582,234,679,833,547,94,119,398,1037,341,557,785,1002,189,156,690,607,395,854,10,93,637,332,872,206,219,587,717,991,319,256,981,919,271,877,393,563,885,766,893,528,355,358,688,98,1069,477,95,611,233,278,639,986,505,281,486,111,79,151,44,299,293,627,86,385,302
Evaluation:0.478956772
Feasible: NO
165256.000000
Seed: 245441251