Path:219,332,206,587,872,654,576,98,1069,355,986,79,111,281,505,358,688,486,278,95,611,639,233,477,447,213,717,957,308,159,877,393,489,614,1016,347,766,893,257,935,837,284,528,563,885,919,271,981,319,830,117,337,865,517,313,1072,712,955,700,454,552,833,119,1037,398,94,547,234,679,582,535,1057,478,583,13,243,741,796,705,323,896,492,203,256,991,413,591,254,607,785,395,10,854,93,637,293,107,151,359,1007,795,748,571,933,190,186,675,12,44,299,115,86,385,302,341,557,156,690,189,1002,627,74,408,438,297,757,876,697,670,871,890,414,853,1034,1080,96,735,40,67,470,69,857,39,178,310,669,410,515,498,497
Evaluation:0.432317506
Feasible: NO
197693.000000
Seed: 245441251