Path:1080,853,1034,871,890,414,670,757,876,438,297,697,40,735,96,614,492,896,1016,563,885,159,254,919,981,256,991,957,591,413,308,213,717,654,576,447,355,98,358,688,111,986,79,486,281,505,1069,477,278,639,233,95,611,830,178,497,1057,535,679,582,234,1037,398,341,557,690,156,189,1002,854,10,627,293,299,44,151,186,675,833,552,955,712,857,583,410,243,478,515,13,323,741,796,705,284,257,935,837,528,893,766,347,203,67,1007,190,12,359,115,408,74,86,385,302,119,94,547,498,669,310,39,117,337,865,517,1072,313,700,454,206,219,332,872,587,319,271,393,877,489,470,69,748,795,571,933,107,637,93,395,607,785
Evaluation:0.442866371
Feasible: NO
176434.000000
Seed: 245441251