Path:557,785,690,156,189,1002,10,93,293,151,12,1007,571,795,748,470,69,67,735,1016,896,347,688,1069,278,639,611,95,986,111,79,477,991,413,591,319,256,919,271,981,159,393,254,957,308,358,355,98,447,576,654,587,206,219,332,872,717,213,854,395,607,341,1037,547,833,955,552,313,1072,94,119,398,86,385,302,299,44,107,186,675,190,933,830,233,486,281,505,528,885,563,766,893,323,705,935,257,284,837,796,741,890,871,1034,1080,40,96,614,492,203,489,877,337,117,310,669,39,178,497,498,515,410,1057,13,243,234,679,582,535,478,583,857,712,865,517,700,454,757,876,697,853,414,670,438,297,359,408,74,115,627,637
Evaluation:0.486333860
Feasible: NO
191593.000000
Seed: 245441251