Path:611,95,639,233,278,281,358,528,893,766,203,470,69,67,735,492,896,705,284,257,837,935,234,679,582,478,243,535,13,1057,583,515,1069,355,98,688,505,486,79,111,986,477,576,447,654,717,189,690,156,557,785,1002,10,93,302,385,86,74,408,876,757,670,890,871,796,741,323,347,614,489,393,877,319,981,271,919,256,991,454,552,313,1072,700,955,833,547,94,119,398,1037,341,607,395,854,637,627,293,299,115,44,359,151,107,12,675,186,748,795,571,933,190,1007,438,297,697,40,96,1016,563,885,159,254,957,591,413,308,213,872,587,332,206,219,830,117,337,310,669,39,178,497,498,410,857,712,865,517,1034,1080,414,853
Evaluation:0.465286233
Feasible: NO
194908.000000
Seed: 245441251