Path:79,111,505,281,486,1069,98,447,717,213,957,991,256,319,271,981,919,254,591,308,413,159,885,563,393,877,489,203,735,40,470,69,67,1007,44,627,302,385,86,94,547,833,955,454,313,552,700,1072,517,679,582,1037,398,234,535,13,478,583,498,837,935,284,257,766,893,528,358,688,355,278,611,95,639,233,986,477,576,654,587,872,206,219,332,1057,243,119,341,557,156,690,785,607,395,854,189,1002,10,93,637,293,299,359,151,107,12,675,190,186,748,795,571,933,830,178,39,669,310,117,337,865,712,857,410,515,497,614,492,896,1016,347,96,1034,853,697,757,438,408,115,74,297,876,670,414,1080,871,890,741,796,323,705
Evaluation:0.450688254
Feasible: NO
175896.000000
Seed: 245441251