Path:297,438,757,359,151,107,44,299,115,74,408,293,627,637,93,1002,189,156,690,278,486,477,576,447,654,219,206,332,587,872,717,957,591,213,308,1069,98,505,986,79,281,111,688,355,358,528,563,893,766,257,323,890,871,853,1080,96,40,735,697,876,670,414,1034,741,796,705,837,284,935,896,492,470,69,67,1007,675,12,190,186,933,571,748,795,1057,535,582,679,243,13,478,515,583,410,498,497,178,39,310,669,857,712,552,313,700,1072,517,865,337,117,830,95,233,611,639,234,1037,398,302,385,86,854,10,395,607,785,557,341,119,94,547,833,955,454,413,256,991,319,271,919,981,254,159,885,877,393,347,614,1016,203,489
Evaluation:0.449585863
Feasible: NO
228825.000000
Seed: 245441476