Path:933,107,151,299,293,302,385,86,347,203,885,563,766,893,528,257,935,896,614,492,414,1034,876,297,359,115,74,408,438,757,697,670,853,1080,741,323,705,837,284,830,117,337,669,310,857,308,355,98,1069,358,688,281,505,111,486,79,986,233,639,611,95,278,477,576,447,654,219,206,332,872,587,717,213,748,795,571,69,470,489,981,256,919,271,319,991,957,591,413,254,159,877,393,1016,96,40,735,67,1007,190,186,675,12,44,627,637,93,10,854,395,607,690,785,156,189,1002,557,341,1037,398,119,94,547,712,865,517,700,313,454,955,1072,552,833,234,582,679,535,1057,478,243,13,583,515,410,498,497,178,39,890,871,796
Evaluation:0.459508080
Feasible: NO
192507.000000
Seed: 245441251