Path:1057,535,13,478,583,243,515,498,178,39,310,669,497,410,857,1072,313,517,700,454,552,955,833,547,94,119,302,385,86,637,627,293,74,408,438,297,876,757,670,871,890,705,257,935,837,284,323,893,766,830,117,337,712,865,69,470,489,203,614,96,735,40,67,571,748,795,186,675,933,190,1007,12,359,697,853,1080,1034,414,796,741,492,896,1016,347,393,877,254,981,319,206,219,332,872,587,717,957,256,991,919,271,159,885,563,528,358,688,355,98,278,233,639,611,95,986,111,79,281,1069,505,486,477,576,447,654,213,591,413,308,679,582,234,398,1037,341,557,156,690,189,1002,607,785,395,854,10,93,115,299,44,107,151
Evaluation:0.398789678
Feasible: NO
248760.000000
Seed: 245441476