Path:919,271,319,981,957,591,413,308,607,156,557,341,1037,398,234,582,679,13,1057,243,478,535,498,515,583,410,857,712,119,94,547,833,552,955,700,1072,454,313,517,865,497,117,337,669,310,39,178,830,748,795,571,933,186,79,505,111,986,281,486,1069,688,358,528,893,766,257,935,837,284,705,323,876,757,438,297,359,1007,190,675,12,151,107,44,299,115,408,74,86,385,302,637,93,395,785,690,189,1002,10,854,293,627,796,741,890,871,670,697,414,1034,1080,853,735,40,96,1016,614,347,896,492,67,69,470,489,203,877,393,563,885,159,254,991,256,332,219,206,587,872,717,213,654,576,447,355,98,477,233,278,639,611,95
Evaluation:0.416419286
Feasible: NO
181318.000000
Seed: 245441251