Path:576,477,688,355,1069,505,98,358,281,486,79,111,986,233,278,639,95,611,10,395,627,86,385,302,293,299,115,408,438,757,876,670,871,890,741,796,705,323,896,1016,203,470,69,675,933,571,795,748,119,94,547,535,13,478,1057,243,583,857,712,865,40,735,96,1034,414,1080,853,697,297,74,637,93,854,1002,189,156,690,785,607,557,341,398,1037,234,582,679,833,1072,700,313,517,955,552,454,447,654,872,587,206,219,332,717,213,957,591,308,991,256,413,528,935,257,837,284,492,614,347,766,893,159,254,319,981,271,919,563,885,393,877,489,67,1007,186,190,12,107,151,44,359,410,515,498,497,178,39,669,310,337,117,830
Evaluation:0.452362360
Feasible: NO
198141.000000
Seed: 245441251