Path:830,498,410,515,497,178,39,669,310,117,337,865,517,1072,955,552,454,313,700,712,857,583,478,243,1057,13,535,679,234,582,833,547,94,119,398,1037,341,557,156,690,189,1002,785,607,395,10,854,93,637,627,302,385,86,293,299,115,44,107,151,12,675,186,190,933,571,795,748,470,69,67,735,96,40,1007,359,408,74,438,297,757,876,697,670,871,890,1080,853,414,1034,741,796,705,323,284,837,935,257,528,893,766,563,885,393,877,347,896,1016,614,492,203,489,159,254,981,919,271,319,256,991,591,413,308,957,213,717,447,477,278,233,95,639,611,986,79,111,486,505,281,1069,688,358,355,98,576,654,872,587,332,206,219
Evaluation:0.290399064
Feasible: YES
17740.000000
Seed: 8510693403927192377