Path:96,67,470,69,571,748,795,186,107,151,293,637,385,86,627,93,854,10,395,785,607,1002,189,690,156,557,341,1037,833,1072,700,313,552,454,955,547,94,398,119,302,408,757,876,438,297,74,115,299,44,12,359,190,933,675,1007,830,117,337,517,865,712,1057,478,13,679,234,582,535,243,410,515,498,583,39,669,310,178,497,857,1016,614,203,489,393,877,885,254,159,957,308,355,98,486,79,986,505,111,281,688,654,587,872,206,219,332,717,256,981,919,271,319,991,413,591,213,447,576,477,95,611,639,233,278,1069,358,528,563,766,893,347,896,697,670,871,890,741,323,705,935,837,257,284,796,414,1034,853,1080,735,40,492
Evaluation:0.415451502
Feasible: NO
196996.000000
Seed: 245441251