Path:498,410,583,515,497,857,712,517,700,454,552,955,1072,313,865,337,117,669,310,39,178,830,219,206,332,872,587,991,489,67,1007,186,190,675,12,359,735,203,347,159,213,717,654,447,576,358,688,486,986,79,505,281,1069,111,278,95,477,98,355,385,86,637,627,293,151,107,933,571,795,748,69,470,919,271,981,256,319,308,957,413,591,254,877,393,563,885,766,893,323,1016,614,492,896,96,40,582,234,1037,398,341,395,10,854,93,607,1002,189,156,557,690,785,611,639,233,528,935,257,837,284,705,796,741,890,871,414,1080,1034,853,670,697,876,757,438,297,44,299,115,74,408,302,119,94,547,833,243,1057,535,679,13,478
Evaluation:0.462909457
Feasible: NO
226028.000000
Seed: 245441251