Path:219,206,332,872,587,654,576,447,358,688,1069,355,98,486,281,505,79,111,986,611,233,278,639,95,477,717,213,413,308,957,591,981,319,991,256,254,159,885,528,796,741,890,871,853,1080,1034,552,700,517,712,857,497,178,39,669,310,498,515,583,410,243,1057,1072,313,865,337,117,830,408,115,299,44,107,12,151,186,675,933,571,795,748,190,1007,359,697,96,40,735,67,69,470,489,203,896,347,1016,614,492,414,670,876,757,438,297,74,86,385,627,10,1002,189,156,690,785,607,557,919,271,877,393,563,766,893,323,705,257,284,837,935,454,955,833,547,94,119,302,637,293,93,854,395,341,1037,398,234,582,679,535,478,13
Evaluation:0.424340307
Feasible: NO
224617.000000
Seed: 245441251