Path:854,93,637,627,293,302,385,299,115,44,675,1007,67,69,470,319,256,991,332,219,206,587,872,654,447,576,477,95,611,233,639,278,111,79,358,528,893,257,837,284,935,323,705,796,741,890,853,40,735,186,190,933,571,795,748,12,107,151,359,697,876,757,297,438,408,74,86,398,119,670,414,871,1034,1080,96,1016,347,159,919,271,981,254,413,591,308,957,213,717,189,690,156,557,785,1002,10,395,607,341,1037,234,679,582,535,833,547,94,505,98,688,355,1069,486,281,986,478,1057,243,13,410,583,515,498,310,669,39,178,497,857,712,1072,700,313,454,552,955,517,865,337,117,830,766,885,563,393,877,489,203,896,614,492
Evaluation:0.463259995
Feasible: NO
213823.000000
Seed: 245441251