Path:957,413,591,213,717,587,332,219,206,872,308,991,319,489,470,69,67,735,877,393,159,254,256,981,919,271,203,896,96,40,853,1034,1080,414,670,876,757,297,438,408,74,115,299,44,107,12,151,359,697,871,890,741,796,705,935,355,111,505,281,486,79,986,639,233,611,95,278,358,528,893,766,563,885,347,614,1016,492,323,837,284,257,830,498,515,583,1057,478,535,833,547,94,119,398,785,607,395,10,854,93,637,293,627,302,385,86,477,688,1069,98,576,447,654,1002,189,690,156,557,341,1037,234,582,679,13,243,410,39,310,669,117,497,178,857,712,1072,552,955,454,700,313,517,865,337,1007,190,675,186,933,571,748,795
Evaluation:0.435449465
Feasible: NO
206462.000000
Seed: 245441251