Path:454,552,955,1072,313,700,517,865,857,498,497,178,39,669,310,583,515,410,243,1057,478,986,639,233,611,95,278,505,486,111,79,281,355,98,688,1069,358,528,893,766,347,203,896,614,492,67,795,748,571,933,190,1007,186,675,12,359,757,876,1080,1034,853,40,735,96,1016,323,935,284,837,257,705,796,741,890,871,414,670,697,297,438,408,74,115,299,44,107,151,535,13,679,582,234,398,1037,341,395,854,119,94,547,833,712,337,117,830,219,206,332,872,587,717,991,256,319,981,919,271,877,393,489,470,69,563,885,159,254,591,308,957,413,213,654,447,576,477,627,86,385,302,293,637,93,10,1002,189,690,607,557,156,785
Evaluation:0.415606937
Feasible: NO
224477.000000
Seed: 245441251