Path:935,766,893,159,877,393,563,885,489,203,1016,492,896,347,323,741,40,735,1007,186,190,67,69,470,319,254,591,413,717,872,587,332,206,219,576,477,233,639,95,611,278,505,355,257,284,837,705,796,890,871,670,757,876,359,675,933,571,748,795,12,107,151,44,299,115,86,385,302,293,627,830,117,337,517,1072,700,313,712,497,178,39,310,669,857,865,454,552,955,119,557,785,607,690,156,189,1002,395,10,854,93,637,74,408,438,297,697,414,1080,1034,853,96,614,528,358,486,79,986,111,281,98,688,1069,447,654,308,957,213,991,256,919,271,981,341,1037,398,94,547,833,582,679,234,535,243,13,478,1057,583,410,498,515
Evaluation:0.430213769
Feasible: NO
254568.000000
Seed: 245441251