Path:697,853,871,284,257,935,528,358,355,486,281,111,865,517,313,1072,552,454,955,700,833,547,94,398,119,395,607,785,690,156,557,341,1037,234,679,582,535,243,1057,478,13,515,583,410,498,497,310,178,39,669,857,712,337,117,830,74,115,299,44,107,359,151,186,190,675,12,933,1007,67,571,795,748,69,470,489,203,614,492,896,1016,96,735,40,189,1002,10,854,93,637,293,627,302,385,86,408,438,297,757,876,670,414,219,206,332,872,587,98,1069,688,505,79,986,95,639,278,611,233,477,576,447,654,213,717,991,319,981,256,919,271,877,393,347,323,741,890,1080,1034,796,705,837,766,893,563,885,591,957,308,413,254,159
Evaluation:0.426396692
Feasible: NO
191575.000000
Seed: 245441251