Path:489,896,614,1016,203,935,766,893,528,358,98,355,213,413,957,254,919,271,563,654,447,576,477,688,1069,505,281,79,986,486,111,278,233,611,95,639,830,117,337,669,310,39,178,497,498,410,583,243,13,1057,478,535,679,234,853,414,890,1080,1034,96,347,877,393,885,159,981,332,219,206,872,587,717,319,256,991,308,591,313,1072,552,955,454,700,517,865,712,857,515,582,119,302,151,12,299,637,93,854,10,627,293,408,74,359,190,675,186,933,571,795,748,69,470,67,1007,107,44,115,86,385,395,785,607,1002,189,690,156,557,341,1037,398,94,547,833,438,297,757,876,697,670,871,796,741,257,837,284,705,323,492,40,735
Evaluation:0.473635873
Feasible: NO
194118.000000
Seed: 245441465