Path:697,876,757,438,297,359,1007,190,675,933,186,748,795,571,69,470,67,96,1016,896,614,347,393,877,271,919,981,319,256,991,413,872,587,332,206,219,830,117,337,669,310,39,178,497,447,654,498,583,515,410,582,679,234,547,94,670,796,705,837,284,935,893,766,563,885,159,254,591,957,308,213,717,576,477,98,355,505,688,1069,358,528,257,323,741,890,871,414,853,1034,1080,40,735,492,203,489,857,712,865,517,700,1072,313,454,552,955,833,119,302,385,86,293,627,44,12,107,151,299,115,74,408,233,278,95,639,611,281,486,79,111,986,243,1057,478,13,535,398,1037,341,557,156,690,189,1002,785,607,395,10,854,93,637
Evaluation:0.480375842
Feasible: NO
189520.000000
Seed: 245441251