Path:299,115,86,637,93,627,293,302,385,44,107,151,12,359,1007,40,735,347,766,893,528,257,935,837,284,705,96,1034,1080,853,697,408,74,438,297,757,876,670,414,871,890,741,796,323,896,492,67,795,748,571,933,190,675,186,69,470,1016,614,203,489,877,393,563,885,159,254,413,591,308,991,319,256,981,919,271,957,213,717,310,669,497,178,39,410,515,243,478,535,833,955,700,313,454,552,1072,517,865,857,498,583,1057,13,582,679,234,1037,341,557,607,785,156,690,189,1002,10,854,395,398,119,94,547,712,337,117,830,233,278,79,111,986,611,639,95,505,486,1069,358,281,355,688,477,98,447,576,654,587,872,206,219,332
Evaluation:0.399934321
Feasible: NO
246087.000000
Seed: 245441251