Path:795,748,571,933,190,186,69,470,489,271,591,717,654,872,587,206,219,332,991,256,319,981,919,563,393,1016,614,492,896,96,735,40,1080,1034,853,697,359,151,107,12,675,1007,67,203,877,159,254,957,308,413,213,447,576,477,1057,478,583,515,857,712,1072,313,517,865,337,117,830,284,347,885,766,893,528,358,1069,688,98,355,986,111,281,505,79,486,278,611,233,639,95,310,669,410,498,497,178,39,13,243,535,94,86,408,74,115,299,44,454,700,552,955,833,119,302,385,637,293,627,93,10,854,1002,189,156,557,398,234,679,582,547,1037,341,607,395,785,690,796,705,837,257,935,323,741,890,871,414,670,876,757,297,438
Evaluation:0.485884155
Feasible: NO
190720.000000
Seed: 245441251