Path:1072,552,454,313,700,955,517,865,712,857,310,39,669,233,95,611,639,278,637,627,293,93,10,1002,189,690,785,607,395,854,302,385,86,74,115,299,44,107,12,359,735,40,96,1016,492,614,896,203,347,337,117,679,582,234,833,547,94,119,398,1037,341,557,156,919,271,981,319,256,991,413,591,957,308,213,717,654,219,206,332,872,587,254,159,885,893,766,257,705,796,741,670,697,876,297,438,355,111,986,79,486,1069,688,358,505,281,98,477,447,576,830,178,497,498,410,515,583,243,1057,478,13,535,1034,1080,871,890,853,414,757,408,151,795,748,571,933,186,675,190,1007,67,69,470,489,877,393,563,528,935,837,284,323
Evaluation:0.491697303
Feasible: NO
214684.000000
Seed: 245441502