Path:830,498,410,535,833,547,94,119,1037,341,607,395,854,93,302,385,86,408,74,115,44,299,293,637,627,10,1002,189,690,785,156,557,398,234,679,582,1057,13,515,497,178,39,478,243,583,748,795,186,675,12,1007,67,470,159,919,271,981,654,576,447,477,98,688,278,233,639,95,611,986,79,111,505,281,486,1069,355,358,766,893,323,705,796,741,1080,853,1034,871,890,414,670,697,876,757,297,438,359,107,151,117,337,865,700,454,552,955,1072,313,517,712,857,310,669,877,393,885,563,254,256,319,206,219,332,872,587,717,213,308,591,991,957,413,528,257,284,935,837,96,40,735,190,933,571,69,489,203,347,614,492,896,1016
Evaluation:0.438646610
Feasible: NO
180924.000000
Seed: 245441251