Path:1002,189,690,156,639,95,611,233,477,447,576,654,219,206,293,627,385,86,115,74,408,438,297,757,876,670,796,284,705,323,741,890,871,1080,414,1034,853,96,614,1016,896,492,40,735,697,359,1007,675,186,190,933,12,107,151,44,299,302,119,94,547,833,234,398,1037,470,69,748,795,571,67,489,203,347,837,257,935,393,877,271,919,981,256,319,991,957,358,355,281,486,505,1069,98,688,278,830,117,337,865,712,857,410,583,243,478,1057,13,535,679,582,1072,955,552,313,517,700,454,872,587,332,717,213,308,591,413,254,159,885,563,766,893,528,341,557,785,607,395,10,854,93,637,79,986,111,669,310,39,178,497,498,515
Evaluation:0.512599802
Feasible: NO
162039.000000
Seed: 245441251