Path:233,278,639,611,95,505,486,79,986,111,281,477,447,654,587,872,332,219,206,213,308,591,413,957,1072,700,313,454,552,119,395,607,785,10,854,93,293,627,637,302,385,86,115,151,107,12,748,795,571,933,190,675,359,297,438,670,871,890,1034,414,1080,96,347,257,935,517,865,712,857,583,478,1057,243,13,535,582,234,679,833,955,547,94,398,1037,341,557,156,690,189,1002,837,284,705,323,796,741,614,896,1016,203,489,877,271,319,991,919,981,256,717,576,98,1069,355,688,358,528,893,766,159,254,885,563,393,492,735,40,853,697,876,757,408,74,299,44,186,1007,67,69,470,410,515,498,497,178,39,669,310,337,117,830
Evaluation:0.440588031
Feasible: NO
166833.000000
Seed: 245441476