Path:302,637,627,293,299,359,697,871,414,890,796,741,39,310,669,178,857,517,865,313,454,552,955,700,1072,712,515,478,1057,535,679,582,234,398,1037,341,557,156,785,607,690,189,1002,10,854,395,119,94,547,833,13,243,583,410,497,498,337,117,830,413,717,213,576,447,477,278,95,611,233,639,654,872,332,219,206,587,991,591,957,308,355,1069,986,111,79,505,486,281,688,98,358,528,257,284,837,1016,96,40,67,190,675,186,1007,735,203,489,271,319,256,981,919,254,159,877,347,323,705,853,1034,1080,670,757,876,297,438,408,74,115,93,86,385,935,766,893,563,885,393,492,614,896,470,69,748,795,571,933,107,44,151,12
Evaluation:0.460578790
Feasible: NO
161879.000000
Seed: 245441465