Path:497,178,830,505,486,281,688,986,79,111,611,233,95,639,278,477,576,213,254,591,413,308,957,117,337,498,515,478,1057,13,679,582,234,547,552,1072,712,517,857,865,313,700,454,955,833,94,119,627,44,190,1007,186,675,12,107,86,385,302,398,1037,535,243,583,410,39,310,669,795,748,571,933,67,69,470,40,735,853,1034,1080,96,896,492,614,347,1016,203,489,877,159,319,991,271,919,981,256,717,332,219,206,872,587,654,447,355,1069,98,358,528,837,284,323,705,341,557,156,785,690,189,1002,607,395,10,854,93,637,293,408,74,115,299,151,359,297,438,757,876,697,670,414,871,890,796,741,257,935,893,766,393,563,885
Evaluation:0.458247291
Feasible: NO
215081.000000
Seed: 245441251