Path:830,498,497,178,39,857,712,865,1072,552,955,454,313,700,517,337,117,669,310,919,271,877,393,563,885,159,254,413,957,591,308,355,688,233,95,639,611,278,111,79,986,486,281,505,837,257,935,284,705,796,741,583,410,515,243,13,478,853,1080,1034,96,735,40,67,69,470,748,795,571,1007,359,408,74,385,302,607,156,690,189,1002,10,854,93,637,293,627,44,151,12,675,186,190,933,107,299,115,86,398,1037,234,582,679,1057,535,206,219,332,872,587,717,213,991,256,319,981,489,203,896,614,492,697,297,438,876,757,670,414,890,871,323,1016,347,766,893,528,358,98,1069,477,447,576,654,785,557,395,341,119,94,547,833
Evaluation:0.472033309
Feasible: NO
210753.000000
Seed: 245441251