Path:933,186,675,190,1007,359,151,12,107,44,299,115,757,670,1034,853,96,347,766,358,98,477,278,233,639,95,611,986,111,79,281,505,486,1069,688,355,528,935,705,323,741,414,697,876,297,438,408,74,637,93,854,10,395,607,785,1002,189,919,159,877,271,981,319,254,591,413,308,957,337,865,517,313,700,833,547,94,119,302,627,293,86,385,1037,234,535,13,679,582,398,341,557,690,156,256,991,213,717,447,576,654,219,206,332,587,872,830,117,669,310,498,410,515,583,1057,243,478,1080,871,890,796,284,837,257,893,563,885,393,489,203,1016,896,614,492,735,40,67,470,69,571,748,795,454,552,955,1072,712,857,497,178,39
Evaluation:0.476772436
Feasible: NO
210586.000000
Seed: 245441465