Path:679,234,582,398,1037,302,385,86,115,299,44,107,675,12,359,697,871,890,414,1034,1080,492,203,347,896,614,1016,96,67,40,735,853,670,876,297,438,757,830,117,337,712,410,583,243,1057,478,13,535,833,547,94,119,341,557,156,690,189,1002,785,607,395,10,854,93,637,293,627,74,408,151,1007,571,748,795,186,190,933,69,470,489,877,393,563,528,358,355,98,1069,688,505,281,486,79,111,986,233,95,611,639,278,477,447,576,654,213,957,308,159,885,766,893,935,257,837,284,323,705,796,741,515,498,497,310,669,39,178,857,865,517,313,454,552,955,700,1072,413,919,271,981,254,319,256,991,591,717,587,872,332,206,219
Evaluation:0.405786556
Feasible: NO
204034.000000
Seed: 245441502