Path:189,1002,690,156,785,395,93,854,10,607,557,341,1037,302,385,86,627,637,293,299,115,74,408,697,1080,1034,853,190,12,107,151,44,359,297,438,757,876,670,414,890,871,796,741,323,284,705,257,935,837,478,243,1057,13,583,410,515,498,497,178,310,669,39,857,865,454,933,571,748,795,186,675,1007,40,735,96,877,271,919,256,319,991,957,413,308,591,213,717,447,477,233,611,95,639,278,1069,355,688,98,576,654,872,587,332,206,219,535,582,679,234,398,119,94,547,833,552,955,1072,313,700,517,712,337,117,830,67,69,470,489,203,896,492,614,1016,347,393,981,254,159,885,563,766,893,528,358,281,486,505,111,79,986
Evaluation:0.417584179
Feasible: NO
183029.000000
Seed: 245441251