Path:341,557,785,1002,189,156,690,607,10,854,395,93,637,206,219,332,872,587,654,717,213,308,591,957,991,319,256,413,528,257,935,837,284,705,323,741,796,871,890,1034,697,670,414,1080,853,96,735,40,492,896,1016,347,893,766,614,203,67,876,757,297,438,408,74,115,299,151,12,359,107,190,933,186,675,1007,571,748,795,515,410,497,178,39,857,712,865,517,700,552,1072,313,454,955,833,119,302,385,86,293,627,44,69,470,489,877,393,981,271,919,254,159,885,563,1037,398,94,547,234,582,679,535,243,478,13,1057,583,498,669,310,337,117,830,358,355,1069,688,477,576,447,98,281,486,505,111,79,986,639,233,278,95,611
Evaluation:0.417697618
Feasible: NO
181770.000000
Seed: 245441251