Path:302,385,299,151,44,359,190,933,571,795,748,69,319,591,413,308,213,717,872,332,219,206,587,654,576,447,477,486,95,611,639,278,233,986,111,79,505,688,1069,281,98,355,358,528,893,766,563,885,159,271,981,919,256,991,957,254,877,393,347,96,40,735,853,1080,1034,414,871,670,697,830,117,337,865,712,410,515,498,178,39,669,310,497,857,517,700,552,955,454,1072,313,535,13,243,478,583,1057,833,547,890,741,796,705,284,935,257,837,323,492,1016,896,614,203,489,94,119,582,679,234,1037,398,341,785,607,93,637,86,115,438,297,757,876,408,74,627,854,395,557,156,690,189,1002,10,293,107,12,675,186,1007,67,470
Evaluation:0.436722130
Feasible: NO
183280.000000
Seed: 245441251