Path:395,607,785,156,690,189,1002,10,93,293,74,408,438,876,853,735,40,67,795,748,571,1007,151,44,627,385,302,119,94,547,833,955,552,454,700,313,1072,517,865,712,857,515,1057,478,535,489,203,492,614,1016,896,1080,96,890,871,796,705,284,257,837,935,766,893,398,1037,341,557,854,637,86,115,299,107,12,675,69,470,877,393,528,358,611,95,233,639,278,505,486,281,111,986,79,98,355,688,1069,213,413,254,591,957,308,717,447,477,576,654,587,872,332,206,219,991,256,319,271,919,981,159,885,563,347,323,741,414,1034,670,697,757,297,359,190,186,933,830,117,337,669,310,39,178,497,498,410,583,13,243,582,679,234
Evaluation:0.444232085
Feasible: NO
179752.000000
Seed: 245441251