Path:297,876,670,1080,1034,40,735,67,571,795,748,69,470,489,528,358,477,98,355,1069,486,281,79,933,190,186,675,1007,12,359,151,107,44,299,115,86,637,302,93,854,10,1002,189,690,156,557,785,607,395,341,398,119,1037,234,679,582,535,1057,13,243,478,515,498,410,583,857,712,865,517,447,576,654,717,587,872,332,206,219,337,117,669,39,310,497,178,830,271,563,885,159,254,991,919,981,256,319,413,591,957,308,213,688,505,111,986,233,639,95,278,611,454,700,552,955,313,1072,833,547,94,293,627,385,74,408,438,757,697,853,414,890,871,796,705,323,741,96,347,203,614,492,896,1016,877,393,893,766,837,284,935,257
Evaluation:0.454005764
Feasible: NO
190461.000000
Seed: 245441251