Path:284,837,257,935,766,893,528,583,243,535,1057,700,313,552,454,670,697,876,757,297,438,408,74,115,299,151,359,107,933,1007,186,190,675,12,44,302,385,86,293,627,637,93,854,395,398,234,679,582,13,478,515,857,712,865,517,1072,955,833,547,94,119,1037,341,557,607,785,690,156,189,1002,10,355,486,505,688,98,1069,477,233,278,639,95,611,986,111,79,281,358,576,447,654,206,219,332,587,872,717,213,308,413,957,591,991,319,256,919,271,981,254,159,885,563,393,877,347,1016,614,203,489,470,69,67,571,748,795,410,498,497,178,39,310,669,337,117,830,40,735,96,896,492,323,705,796,741,890,871,1034,1080,853,414
Evaluation:0.410610184
Feasible: NO
250154.000000
Seed: 245441509