Path:872,332,206,219,587,319,271,877,393,896,741,796,890,871,853,1034,1080,96,347,766,885,563,254,413,591,688,1069,98,355,876,438,297,359,12,1007,190,186,675,933,571,795,748,39,310,669,857,712,865,117,337,517,313,454,700,1072,552,955,833,1037,341,557,785,690,156,189,1002,385,86,115,107,151,44,299,302,607,395,10,854,93,637,627,293,74,408,757,697,670,414,40,735,67,69,470,489,203,614,1016,492,323,837,705,284,257,935,528,893,159,981,919,256,991,957,308,213,717,654,576,447,477,358,281,486,111,79,986,95,611,233,278,639,505,547,94,119,398,234,679,582,13,1057,243,478,535,583,515,410,498,497,178,830
Evaluation:0.429117380
Feasible: NO
207689.000000
Seed: 245441251