Path:785,607,557,341,1037,398,119,94,547,833,679,582,234,535,1057,243,478,13,583,515,410,498,178,830,877,393,159,885,563,766,893,528,837,935,257,284,705,323,796,741,890,871,853,1080,1034,414,670,697,876,757,297,438,454,313,1072,700,552,955,517,712,857,497,310,39,669,117,337,865,408,74,115,299,359,151,44,12,190,675,186,1007,67,735,40,96,347,896,614,1016,492,203,489,470,69,748,795,571,933,107,293,627,86,385,302,637,93,10,854,395,1002,189,156,690,991,256,319,271,919,981,254,413,308,355,358,1069,98,688,505,486,281,111,79,986,233,278,639,611,95,477,576,447,654,717,957,591,213,587,872,332,219,206
Evaluation:0.392477226
Feasible: NO
188332.000000
Seed: 245441251