Path:219,206,332,872,587,717,654,447,576,477,1069,281,505,486,79,111,688,98,358,355,213,308,957,528,393,347,96,757,876,438,297,359,151,44,299,302,119,398,582,13,478,535,679,234,1037,341,854,10,385,86,74,408,115,627,293,637,93,395,607,785,557,156,690,189,1002,95,611,278,639,233,986,454,552,313,865,517,700,1072,955,833,547,94,795,748,186,190,933,571,69,470,877,159,591,413,919,271,991,256,981,319,254,885,563,766,893,935,257,837,284,871,890,1034,1080,414,670,697,853,67,1007,107,12,675,40,735,796,741,323,705,492,1016,614,896,203,489,830,117,337,669,310,39,178,497,498,410,515,1057,243,583,712,857
Evaluation:0.464516419
Feasible: NO
185405.000000
Seed: 245441476