Path:233,611,95,639,278,986,79,111,281,505,486,358,355,688,98,1069,477,576,447,654,206,219,332,587,872,717,213,591,413,308,957,991,256,319,271,919,981,254,159,877,489,470,69,748,795,571,933,186,190,675,12,107,1007,67,40,735,96,896,492,614,203,1016,347,393,885,563,766,893,528,935,257,837,284,705,323,796,741,890,871,853,1080,1034,414,670,697,876,757,438,297,359,151,44,299,115,74,408,86,385,302,627,293,637,93,854,395,10,1002,189,690,785,607,156,557,341,1037,398,119,94,547,833,679,234,582,535,13,478,1057,243,410,583,515,498,497,669,310,178,39,857,712,517,313,454,955,552,1072,700,865,337,117,830
Evaluation:0.285108488
Feasible: YES
112808.000000
Seed: 675458998