Path:359,107,12,151,712,313,700,517,1072,13,1057,478,535,243,583,410,515,498,497,219,206,587,872,332,717,413,957,308,213,654,576,447,477,98,278,639,95,611,233,986,111,688,528,837,705,284,670,74,408,299,637,627,293,854,10,93,395,607,785,156,189,1002,690,557,341,79,281,486,505,355,1069,358,935,257,347,896,1016,96,735,67,571,795,748,190,675,933,1007,438,297,757,876,697,40,492,614,893,766,885,563,271,919,591,991,256,981,319,254,159,393,877,203,489,470,69,186,44,115,86,385,302,119,94,398,1037,582,679,234,547,833,955,552,454,865,337,117,857,669,310,39,178,830,323,741,796,871,890,1034,853,414,1080
Evaluation:0.469603620
Feasible: NO
177533.000000
Seed: 245441251