Path:454,552,955,1072,313,700,865,517,712,67,69,470,489,203,919,271,981,319,991,591,957,413,308,159,254,885,563,893,766,257,935,837,284,705,323,796,741,857,497,178,39,310,669,337,117,830,986,505,486,98,355,358,688,528,890,871,670,876,438,297,757,408,385,302,1037,398,119,94,547,833,582,234,679,535,1057,13,583,410,498,515,478,243,587,219,206,332,872,10,627,293,299,44,107,12,675,190,186,748,795,571,933,1007,735,40,96,1034,1080,853,414,697,359,151,115,74,86,637,93,854,395,785,607,1002,189,690,156,557,341,233,278,639,95,611,79,111,281,1069,477,576,447,654,717,213,256,877,393,347,614,1016,492,896
Evaluation:0.473787452
Feasible: NO
235249.000000
Seed: 245441251