Path:189,1002,854,395,607,557,341,119,94,547,234,679,582,1037,398,489,203,67,1007,107,151,359,697,670,414,1080,741,796,871,890,1034,853,96,40,735,492,830,117,337,865,517,313,700,454,552,206,219,654,576,447,213,717,332,872,587,690,156,785,10,93,637,627,86,385,302,293,1069,355,98,688,477,278,233,611,95,639,986,79,281,111,505,486,358,528,877,470,69,748,795,571,933,190,186,675,12,44,299,115,74,408,438,297,757,876,833,955,1072,712,1057,243,13,535,478,583,515,410,498,497,178,310,669,39,857,257,935,837,284,705,323,896,614,1016,347,893,766,393,254,413,308,957,591,991,319,256,981,919,271,159,885,563
Evaluation:0.473218998
Feasible: NO
155185.000000
Seed: 245441251