Path:39,178,310,669,497,498,1057,119,302,637,627,93,607,785,395,854,10,1002,189,156,690,557,341,398,1037,234,582,679,833,955,552,454,393,563,885,893,766,347,1016,96,40,735,67,1007,12,151,107,44,115,74,299,359,675,190,186,933,571,795,748,69,470,919,981,256,717,587,332,219,206,872,654,576,477,98,505,486,79,986,111,281,358,528,257,935,837,284,705,871,670,697,757,876,297,438,408,293,86,385,94,547,535,13,243,478,583,410,515,712,857,1034,1080,414,853,890,796,741,323,492,614,896,830,117,337,865,1072,700,313,517,278,95,233,611,639,1069,688,355,447,213,308,413,957,591,271,319,991,254,159,877,203,489
Evaluation:0.447627108
Feasible: NO
173433.000000
Seed: 245441251