Path:1069,355,98,688,486,281,79,111,505,986,639,611,278,233,95,477,576,358,528,890,670,697,876,757,438,297,74,408,359,675,1007,186,190,115,86,385,627,637,293,854,10,1002,189,156,690,96,40,735,853,1080,1034,414,871,796,741,323,705,284,837,257,935,766,893,563,885,393,877,347,1016,614,896,492,203,489,470,69,67,933,571,748,795,830,117,337,517,700,552,679,234,582,535,478,243,13,1057,515,410,583,498,497,178,669,310,39,857,865,1072,712,319,256,957,447,654,206,219,332,872,587,717,213,308,413,991,591,254,159,271,981,919,94,547,833,955,313,454,107,151,12,44,299,302,93,395,785,607,557,341,1037,398,119
Evaluation:0.454168135
Feasible: NO
180057.000000
Seed: 245441251