Path:547,833,1072,517,712,955,552,454,700,313,865,337,117,830,115,74,408,438,297,757,876,697,492,614,203,1016,347,896,96,40,735,1080,853,1034,414,670,871,890,741,796,705,323,284,837,257,935,86,385,395,341,557,607,785,690,156,189,1002,10,854,93,611,95,233,278,857,669,310,39,178,497,498,583,515,410,243,13,1057,478,535,679,582,234,1037,398,94,119,302,627,637,293,299,933,571,795,748,190,359,12,44,151,107,675,186,1007,67,69,470,489,877,393,159,271,919,981,319,256,991,591,254,885,563,766,893,528,358,355,1069,639,986,505,486,111,79,281,98,688,477,447,576,654,219,206,332,872,587,717,213,413,957,308
Evaluation:0.402960778
Feasible: NO
218884.000000
Seed: 245441251