Path:39,310,669,178,497,498,583,515,478,535,679,582,234,547,94,119,395,785,607,557,341,1037,398,833,955,552,313,700,1072,454,408,74,115,299,107,12,675,186,190,933,571,795,748,151,44,302,385,86,293,627,637,93,854,10,1002,189,156,690,206,219,332,587,872,213,717,654,447,576,477,957,308,413,254,885,563,347,203,492,40,735,69,470,67,1007,359,438,297,876,697,489,393,877,271,919,256,981,319,991,591,159,766,893,528,355,1069,486,111,281,986,611,95,278,233,639,79,505,98,688,358,935,284,837,257,705,796,741,323,896,614,1016,96,1080,853,414,1034,890,871,670,757,830,117,337,865,517,712,857,410,13,243,1057
Evaluation:0.416625046
Feasible: NO
191942.000000
Seed: 245441251