Path:582,679,234,547,94,119,398,1037,341,557,156,607,395,10,854,293,627,74,408,697,1080,796,741,766,893,393,271,981,919,256,319,332,872,587,206,219,865,552,454,313,700,1072,67,40,1034,414,871,670,876,297,438,757,830,117,337,669,310,39,178,497,410,515,583,498,857,712,517,955,833,535,13,1057,243,478,359,151,107,44,299,115,86,385,302,637,93,785,1002,690,189,477,1069,688,576,447,654,717,254,885,563,347,1016,896,96,735,492,614,203,489,877,159,591,991,957,413,308,213,98,355,486,281,505,111,986,79,611,95,639,233,278,358,528,257,935,837,284,705,323,890,853,1007,186,190,675,12,933,571,795,748,69,470
Evaluation:0.469090834
Feasible: NO
165667.000000
Seed: 245441251