Path:611,639,233,95,278,986,477,688,358,355,206,219,332,587,872,717,654,115,74,408,438,757,697,1080,1034,414,853,67,69,470,877,393,563,885,528,79,111,505,486,281,1069,98,447,576,213,308,413,957,591,991,256,319,271,919,981,254,159,189,156,690,557,341,785,607,395,1002,10,854,93,637,627,385,86,293,299,44,107,12,735,40,96,347,893,766,257,935,284,837,705,454,700,517,313,552,955,1072,243,13,478,535,583,515,410,857,712,865,337,117,310,39,669,489,203,614,896,1016,492,323,741,796,890,871,670,876,297,359,1007,186,675,190,933,571,748,795,151,302,119,94,833,547,1037,398,234,679,582,1057,498,497,178,830
Evaluation:0.450524537
Feasible: NO
195068.000000
Seed: 245441251