Path:271,981,256,991,319,877,489,470,67,1007,186,190,675,299,293,627,637,93,10,1002,611,95,639,278,233,986,111,79,505,486,281,477,576,654,717,308,957,587,872,332,219,206,919,159,69,571,748,795,39,310,669,498,178,497,857,712,517,1072,313,454,700,552,94,398,1037,341,557,234,679,582,13,535,515,410,583,478,243,1057,955,833,547,119,395,607,785,690,156,189,854,302,385,86,74,297,757,697,735,40,96,1016,614,203,492,896,347,893,766,393,563,885,323,705,284,935,257,528,254,591,413,213,447,98,1069,688,355,358,837,796,741,890,871,1034,853,1080,414,670,876,438,359,12,933,107,151,44,115,408,865,337,117,830
Evaluation:0.461851670
Feasible: NO
174460.000000
Seed: 245441251