Path:454,552,700,313,611,233,95,639,278,986,111,281,486,79,505,1069,98,477,576,872,587,717,308,413,591,957,213,654,447,355,688,358,528,837,284,257,935,893,766,159,919,271,981,254,256,991,319,332,219,206,637,627,293,93,10,1002,189,690,156,557,341,398,1037,234,582,679,535,1057,410,39,178,310,669,337,117,830,614,1016,347,563,885,393,877,489,203,323,705,796,741,890,871,1034,414,670,757,408,438,297,876,697,853,1080,492,896,96,40,735,470,69,67,1007,933,571,795,748,243,478,13,583,515,498,497,857,712,865,517,1072,955,833,547,94,119,302,854,395,607,785,385,86,74,115,299,44,12,675,186,190,359,151,107
Evaluation:0.426021414
Feasible: NO
202643.000000
Seed: 245441251