Path:611,95,639,233,278,986,79,111,44,151,107,299,302,385,86,93,10,1002,189,492,896,1016,96,1080,853,1034,871,890,741,796,705,323,935,284,257,837,893,766,393,981,159,877,347,614,203,489,470,69,933,186,675,1007,670,414,697,359,12,190,748,795,571,67,40,735,398,1037,119,94,547,833,955,552,1072,1057,478,243,13,535,679,234,582,341,557,690,156,785,607,395,854,637,293,627,115,74,408,438,297,757,876,830,117,337,310,669,39,178,498,515,583,410,497,857,712,865,517,700,313,454,319,271,919,256,991,591,308,413,957,213,717,332,219,206,587,872,654,447,576,477,1069,281,505,486,98,688,355,358,528,885,563,254
Evaluation:0.445080577
Feasible: NO
181050.000000
Seed: 245441476