Path:741,796,890,871,697,12,359,44,151,107,186,190,675,1007,67,69,470,40,735,96,1080,853,414,1034,670,876,757,297,438,408,74,115,299,515,243,410,583,498,219,206,872,587,332,319,256,981,919,991,454,313,1072,700,552,955,833,547,94,119,341,557,607,785,1002,189,690,156,395,10,854,93,86,385,302,293,637,627,355,98,486,281,688,477,447,576,654,717,213,957,413,308,591,254,563,885,893,766,1069,505,278,639,233,611,830,117,337,669,310,497,178,39,393,347,257,935,837,284,705,323,492,896,614,1016,203,489,877,271,159,528,358,79,111,986,95,857,517,865,712,478,1057,13,535,679,582,234,1037,398,933,571,748,795
Evaluation:0.501747344
Feasible: NO
230432.000000
Seed: 245441465