Path:795,748,69,470,67,571,933,12,151,44,299,115,627,293,637,93,854,395,607,785,341,1037,234,582,679,535,13,478,243,219,206,332,872,587,213,591,919,271,877,159,254,981,256,319,991,413,308,957,717,654,576,447,477,98,355,358,119,398,94,547,833,955,498,410,583,515,1057,857,865,712,497,178,39,669,310,337,117,830,297,757,438,359,107,190,675,186,1007,40,735,96,853,1080,890,871,796,741,1034,414,670,697,876,408,74,86,385,302,10,1002,189,690,156,557,79,486,281,111,986,639,278,611,95,233,505,1069,688,528,563,885,393,347,893,766,935,257,837,284,705,323,896,614,1016,492,203,489,552,700,1072,517,313,454
Evaluation:0.443897282
Feasible: NO
230768.000000
Seed: 245441251