Path:576,477,611,639,278,95,233,497,178,39,669,310,117,337,865,517,700,1072,313,712,857,111,986,486,79,281,505,688,1069,98,355,358,528,893,766,489,470,69,571,748,795,67,735,96,896,705,837,284,935,257,1080,853,408,74,293,854,10,1002,189,690,156,785,607,395,93,637,627,115,299,44,107,12,151,359,1007,40,492,323,741,796,871,890,1034,414,670,757,876,438,297,697,186,190,675,933,454,552,955,833,547,94,119,302,385,86,557,341,219,206,332,587,872,654,447,717,213,591,957,308,413,159,981,271,919,256,319,991,254,885,563,393,877,347,1016,614,203,830,498,410,515,583,478,13,1057,243,535,582,679,234,1037,398
Evaluation:0.459343978
Feasible: NO
214542.000000
Seed: 245441502