Path:358,1069,477,98,355,688,486,281,505,79,111,986,611,278,233,95,639,447,576,517,313,700,1072,955,119,94,547,535,478,243,13,1057,583,498,337,117,830,528,893,766,1016,614,492,896,347,935,284,837,257,705,697,757,408,74,86,385,302,93,10,1002,189,690,785,607,395,854,637,627,293,107,151,44,299,115,438,297,876,670,414,1080,1034,890,741,323,796,871,853,67,1007,675,186,190,933,12,359,735,40,96,489,203,877,393,563,885,159,254,991,413,957,591,308,213,717,654,872,332,206,219,587,319,256,981,271,919,470,69,571,795,748,515,410,39,310,497,178,669,857,712,865,454,552,833,679,582,234,398,1037,341,557,156
Evaluation:0.422495922
Feasible: NO
180318.000000
Seed: 245441476