Path:981,919,256,991,319,271,337,117,39,669,310,497,178,830,741,796,705,323,896,1016,347,766,935,284,837,257,203,489,470,69,748,795,571,67,735,40,492,614,96,853,1080,871,890,1034,414,670,697,876,757,297,438,408,302,119,398,1037,341,557,156,690,189,1002,607,785,395,854,10,93,637,627,293,74,44,151,12,359,107,299,115,86,385,94,547,159,877,393,563,885,893,528,358,505,233,639,95,278,611,986,111,79,486,281,355,688,1069,98,477,447,576,654,308,957,591,413,254,213,717,872,587,332,219,206,857,865,517,1072,955,454,552,313,700,712,515,583,498,410,243,478,13,1057,535,833,234,679,582,933,1007,190,186,675
Evaluation:0.452204787
Feasible: NO
173544.000000
Seed: 245441251