Path:576,447,654,717,213,413,254,563,885,393,877,489,203,614,492,896,96,40,735,67,69,470,748,795,571,1007,359,299,293,627,637,93,10,854,395,785,690,557,341,1037,398,119,94,234,679,582,1057,583,515,410,498,857,712,477,98,284,837,796,741,890,670,438,297,74,408,876,757,697,853,1034,414,1080,871,705,935,358,688,355,1069,281,111,986,611,95,639,233,278,79,486,505,257,323,1016,347,766,893,528,535,13,478,243,933,190,186,675,12,107,151,44,115,86,385,302,607,156,189,1002,332,219,206,587,872,308,957,591,991,271,319,256,981,919,159,830,178,39,669,310,497,117,337,865,517,700,313,1072,955,454,552,833,547
Evaluation:0.467296416
Feasible: NO
167220.000000
Seed: 245441251