Path:213,654,447,576,477,688,355,358,1069,98,233,95,986,611,278,639,505,486,281,79,111,528,935,257,837,284,323,741,670,876,757,297,438,359,151,44,299,115,74,637,627,293,86,385,302,408,697,414,871,796,705,890,1080,1034,853,96,40,735,67,795,748,190,675,186,107,12,1007,489,393,271,981,919,159,319,254,563,885,877,614,492,203,1016,470,69,571,933,830,117,337,497,178,669,39,310,857,410,515,498,219,206,332,587,872,717,308,957,413,591,256,991,865,517,1072,700,313,712,955,454,552,833,582,679,234,583,243,1057,13,478,535,547,94,119,398,1037,341,557,156,189,1002,10,854,93,395,607,785,690,896,347,766,893
Evaluation:0.452668331
Feasible: NO
168506.000000
Seed: 245441251