Path:865,517,705,323,935,257,837,284,796,741,890,871,670,876,757,408,74,115,359,12,933,571,795,748,190,675,186,69,470,735,96,40,67,1007,107,151,44,299,302,385,86,293,627,637,93,854,10,395,785,557,156,690,189,1002,607,341,119,398,1037,13,535,243,478,1057,583,515,410,857,712,700,1072,454,313,552,955,833,547,94,234,582,679,986,111,79,281,233,611,278,95,639,830,117,337,310,669,39,178,497,498,489,203,614,492,896,1016,393,877,159,254,563,885,766,893,528,413,256,991,591,957,358,355,486,505,688,1069,98,477,447,576,308,213,717,654,587,872,332,219,206,319,981,919,271,347,1080,1034,414,853,697,297,438
Evaluation:0.432448498
Feasible: NO
179036.000000
Seed: 245441251