Path:233,639,278,95,611,986,505,79,111,281,486,1069,477,563,885,393,877,766,893,935,837,284,528,358,355,688,98,576,447,654,206,219,332,587,872,717,991,319,256,254,159,489,470,69,67,795,748,571,933,190,186,675,12,151,299,74,408,438,297,757,876,670,697,44,107,293,637,627,86,385,302,119,398,1037,234,679,582,13,478,243,515,833,547,94,552,955,700,517,865,857,410,498,583,1057,535,712,1072,313,454,96,896,492,614,705,323,257,347,1016,203,981,919,271,413,591,213,308,957,341,557,156,395,607,1002,189,690,785,10,854,93,115,359,1007,735,40,1080,1034,853,414,871,890,741,796,830,117,337,669,310,497,178,39
Evaluation:0.433764956
Feasible: NO
218781.000000
Seed: 245441465