Path:454,700,313,552,955,1072,517,865,712,857,497,178,310,669,39,583,410,1057,535,13,957,413,563,885,877,254,159,393,637,293,627,302,385,86,74,408,438,297,876,757,697,670,871,853,1080,414,1034,890,796,203,489,919,271,981,256,991,319,591,308,1069,477,576,447,654,213,717,587,872,332,206,219,557,156,690,189,1002,10,93,854,395,607,785,341,1037,398,119,355,486,986,79,111,95,233,639,278,611,505,281,98,688,358,528,893,766,347,896,1016,492,614,96,40,735,1007,190,675,12,151,359,299,115,44,107,748,795,186,933,571,67,69,470,830,117,337,498,515,478,243,679,582,234,833,547,94,935,257,837,705,284,323,741
Evaluation:0.467295613
Feasible: NO
162204.000000
Seed: 245441251