Path:310,39,669,178,497,410,583,243,515,498,857,712,1072,955,547,833,1057,478,13,535,582,679,234,398,1037,119,341,557,607,785,690,156,189,1002,854,395,795,748,571,933,675,186,190,1007,853,414,1034,1080,871,670,697,876,359,12,107,44,302,10,93,637,627,293,151,299,115,408,757,438,297,74,385,86,94,454,552,313,700,517,865,337,117,830,489,1016,614,347,766,893,935,837,284,705,323,741,890,796,257,528,358,79,111,986,233,611,95,639,278,477,1069,98,281,505,486,688,355,308,957,413,591,991,213,717,587,219,206,332,872,654,576,447,256,981,319,271,919,254,159,885,563,393,877,203,896,492,470,69,67,735,40,96
Evaluation:0.407825959
Feasible: NO
186278.000000
Seed: 245441502