Path:337,117,39,310,669,857,865,323,741,890,871,796,284,257,935,766,893,347,614,492,1016,896,96,853,40,735,67,1007,359,12,44,299,115,74,408,438,297,876,757,697,670,414,1034,1080,705,837,528,98,688,355,1069,486,505,281,79,111,986,611,95,639,278,233,830,178,497,498,515,410,583,1057,535,478,243,13,679,582,206,219,332,872,587,717,957,413,308,213,591,159,254,919,981,319,256,991,271,393,302,385,86,341,557,395,119,398,1037,234,547,94,833,955,552,1072,700,712,517,313,454,654,576,447,477,358,563,885,877,489,203,470,69,748,795,571,933,190,186,675,107,151,293,627,637,93,854,10,785,607,1002,189,690,156
Evaluation:0.441569343
Feasible: NO
202333.000000
Seed: 245441251