Path:933,675,186,107,44,74,297,438,757,876,492,614,347,393,877,489,203,1016,896,96,40,735,853,1034,890,1080,69,470,67,1007,12,359,697,670,414,741,796,705,935,257,893,766,837,284,323,871,408,627,293,637,93,395,10,854,302,385,86,115,299,151,190,571,795,748,830,117,337,310,669,39,178,497,498,515,583,243,410,857,712,1072,700,517,865,313,955,552,454,919,271,159,885,563,528,358,688,98,355,1069,505,281,79,111,611,233,95,639,986,278,486,477,447,576,654,213,413,591,254,319,981,256,991,957,308,717,872,587,332,219,206,189,1002,785,607,690,156,557,341,1037,398,119,94,547,833,1057,478,13,535,582,679,234
Evaluation:0.419264483
Feasible: NO
206714.000000
Seed: 245441251