Path:94,547,833,1072,955,991,919,271,981,563,766,893,347,896,492,1016,614,203,489,393,877,254,591,413,957,308,213,717,654,576,447,1069,477,688,281,111,986,79,486,233,278,498,410,515,583,310,669,497,178,39,857,853,871,414,1034,890,741,796,705,323,257,284,837,935,528,885,159,319,256,332,872,587,206,219,830,117,337,712,865,517,313,700,552,454,67,470,69,571,795,748,190,675,186,933,12,107,151,44,115,74,408,438,297,757,876,670,697,341,557,156,785,690,93,637,86,385,302,119,398,1037,234,582,679,535,478,13,243,1057,98,358,355,505,639,95,611,395,189,1002,607,10,854,627,293,299,359,1007,735,40,96,1080
Evaluation:0.504058476
Feasible: NO
167086.000000
Seed: 245441251