Path:497,310,669,865,313,700,955,552,547,94,111,505,486,281,79,986,278,639,611,95,233,477,688,1069,98,355,358,447,576,654,213,957,308,591,413,254,159,528,935,284,837,257,705,323,741,796,871,890,414,853,670,697,12,151,44,107,438,297,757,876,13,478,535,1057,243,583,410,515,498,178,39,857,712,1072,454,96,735,40,67,359,299,115,86,385,302,10,93,637,293,627,74,408,1034,1080,896,492,1016,347,893,766,563,885,877,393,614,203,489,470,69,748,795,571,1007,675,190,186,933,830,117,337,517,833,582,679,234,398,119,1037,341,557,690,156,189,1002,785,607,395,854,206,219,587,332,872,717,981,319,271,919,256,991
Evaluation:0.461208015
Feasible: NO
207464.000000
Seed: 245441251