Path:654,576,447,477,358,688,486,1069,355,98,278,233,639,95,611,79,505,281,111,986,637,86,385,302,93,854,395,607,785,877,393,614,1016,203,470,69,933,12,74,408,115,299,293,627,10,1002,189,690,156,557,341,1037,119,94,547,833,955,857,39,669,310,497,178,830,117,337,1072,313,454,552,700,517,712,865,410,515,498,583,1057,13,243,478,535,582,679,234,398,795,748,571,1007,438,297,757,876,697,670,871,890,414,1034,40,492,489,919,271,981,256,319,991,591,308,413,213,717,872,587,332,219,206,957,347,896,96,735,67,190,675,186,107,151,44,359,853,1080,796,741,323,705,284,837,935,257,766,893,528,563,885,159,254
Evaluation:0.426262486
Feasible: NO
155966.000000
Seed: 245441251