Path:219,332,206,587,872,654,576,447,477,688,98,1069,355,358,308,213,413,957,591,717,552,454,700,313,1072,955,833,398,1037,557,690,156,189,1002,607,785,93,637,627,293,107,933,571,69,470,489,203,347,766,893,528,639,95,611,278,233,486,111,986,281,505,79,830,117,337,865,517,712,857,515,410,498,178,497,669,39,310,115,299,44,151,359,12,748,795,67,735,40,96,1080,414,1034,890,871,583,478,13,243,1057,535,582,679,234,547,94,119,341,395,10,854,302,385,86,74,408,438,297,876,757,697,670,323,284,837,935,257,705,796,741,853,1007,186,675,190,492,896,614,1016,563,885,159,254,919,991,256,981,319,271,393,877
Evaluation:0.450434371
Feasible: NO
152592.000000
Seed: 245441251