Path:111,986,639,233,611,95,278,505,79,486,281,688,98,355,1069,477,358,528,563,254,591,919,885,877,347,1016,896,96,40,697,757,876,438,297,359,151,107,115,86,627,293,637,1002,607,785,557,156,690,189,219,206,332,587,872,654,447,576,717,213,308,957,413,991,256,319,271,981,159,393,492,735,12,44,299,408,74,385,302,93,10,854,395,341,1037,398,119,94,833,547,234,679,582,515,410,583,712,865,517,700,454,955,552,1072,313,748,795,571,933,186,675,190,1007,67,69,470,489,203,614,853,414,670,1034,1080,871,890,741,796,243,535,13,1057,478,857,498,497,178,830,766,893,935,257,284,837,705,323,39,310,669,117,337
Evaluation:0.458930499
Feasible: NO
159228.000000
Seed: 245441251