Path:557,690,189,1002,93,637,627,293,107,12,1007,186,675,190,933,69,470,919,981,256,319,271,877,489,203,614,96,735,40,67,571,795,748,830,178,39,310,857,712,517,1072,955,313,454,865,1057,478,243,535,13,582,679,234,398,1037,119,341,395,607,785,156,206,219,332,872,587,654,447,1069,98,688,355,94,547,833,552,700,410,583,515,498,497,669,117,337,505,281,486,111,986,79,358,528,563,393,347,896,1016,492,705,323,796,741,1080,890,871,670,414,1034,853,697,757,876,438,297,359,151,44,299,115,408,74,86,385,302,854,10,611,639,95,233,278,477,576,213,717,957,308,413,591,991,254,159,885,893,766,284,837,257,935
Evaluation:0.456499012
Feasible: NO
200870.000000
Seed: 245441509