Path:1069,98,355,486,79,111,986,233,95,639,611,278,477,447,576,654,587,872,206,219,332,717,213,957,591,308,413,991,919,981,271,319,256,254,159,877,393,766,347,203,489,614,492,735,40,186,675,190,933,571,748,795,470,69,67,1007,359,74,408,385,86,115,44,12,107,151,299,302,119,94,535,1057,478,243,13,583,515,410,497,178,39,669,310,117,337,505,281,688,358,528,885,563,893,257,935,837,284,705,323,741,796,871,890,853,96,896,1016,1080,1034,414,670,697,757,876,297,438,830,498,857,712,865,517,313,1072,454,700,552,955,833,547,234,582,679,1037,398,341,557,607,785,690,189,1002,156,10,854,395,93,293,637,627
Evaluation:0.389774793
Feasible: NO
168453.000000
Seed: 245441476