Path:10,1002,189,690,156,785,557,607,395,341,398,1037,582,679,234,547,94,119,302,385,408,74,115,299,44,151,107,293,637,627,86,93,854,795,748,571,69,470,489,203,614,1016,896,893,766,347,159,254,591,957,308,717,654,213,256,991,413,319,981,271,919,563,885,877,393,39,857,712,865,552,454,700,1072,517,313,955,833,535,13,1057,243,478,871,323,796,741,890,1080,1034,414,670,583,515,410,498,178,497,310,669,337,117,830,257,935,837,284,705,96,40,735,853,697,757,438,876,297,359,12,933,186,675,190,1007,67,492,528,358,98,355,1069,688,447,587,872,332,219,206,576,477,278,639,233,486,281,505,111,79,986,611,95
Evaluation:0.467125373
Feasible: NO
185375.000000
Seed: 245441502