Path:552,955,700,454,243,583,515,410,178,497,498,857,39,669,310,1007,186,675,933,189,1002,854,10,627,293,302,385,86,115,359,67,69,470,981,591,957,654,447,576,477,986,111,281,233,278,95,611,639,79,505,486,98,355,1069,688,358,308,413,213,717,587,872,254,256,319,991,919,271,159,885,563,347,96,40,735,297,438,876,408,74,637,93,395,785,607,528,893,766,935,284,257,837,705,323,796,741,896,614,492,1016,203,489,877,393,313,865,1072,517,712,337,117,830,871,670,414,1034,1080,890,853,697,757,299,44,151,107,12,190,571,795,748,690,156,557,341,1037,398,119,94,833,547,234,582,679,535,1057,478,13,219,332,206
Evaluation:0.520417509
Feasible: NO
166174.000000
Seed: 245441251