Path:1016,492,896,614,203,489,470,69,67,1007,186,675,190,933,571,795,748,107,151,12,359,44,299,115,438,297,757,876,830,178,497,310,39,583,515,478,13,243,1057,857,712,865,517,313,955,552,1072,454,700,505,688,355,1069,486,986,79,111,611,233,95,639,278,281,98,477,447,213,957,413,591,991,256,319,981,919,271,234,679,582,535,410,498,669,117,337,563,393,877,885,893,837,284,935,766,308,872,587,332,206,219,189,1002,690,156,785,557,607,395,10,854,627,74,408,697,40,735,96,347,159,254,717,654,576,358,528,257,705,323,741,796,890,871,414,1080,1034,853,670,833,547,94,119,398,1037,341,302,385,86,293,637,93
Evaluation:0.480045868
Feasible: NO
183213.000000
Seed: 245441251