Path:111,79,986,281,505,639,611,95,278,233,486,688,477,1069,98,358,355,308,957,413,254,919,271,591,552,955,454,700,1072,865,234,582,679,535,1057,478,766,893,347,614,96,735,853,1034,1080,414,670,871,890,796,741,323,705,257,935,284,837,528,447,576,654,587,206,219,332,872,717,213,256,981,319,991,86,385,74,408,438,297,757,876,697,40,492,896,877,393,563,885,159,1016,203,489,69,748,795,571,933,12,359,115,299,44,151,107,190,675,186,1007,67,470,830,117,337,39,410,515,13,243,583,498,497,178,669,310,857,712,517,313,833,547,94,119,398,1037,341,557,156,607,10,854,302,637,627,293,93,395,785,690,1002,189
Evaluation:0.436505964
Feasible: NO
204047.000000
Seed: 245441251