Path:795,748,571,933,190,186,1007,853,414,1080,1034,890,871,670,697,757,876,297,438,408,74,115,359,675,107,12,151,44,299,293,627,93,10,854,395,557,341,94,547,833,535,13,410,498,857,712,865,517,313,1072,700,454,552,955,717,872,332,587,206,219,637,86,385,302,119,398,234,583,515,497,178,39,669,310,337,117,830,1069,98,688,355,447,213,308,991,256,319,957,1002,189,690,156,785,607,1037,582,679,1057,478,243,741,796,96,735,40,492,67,69,470,489,203,614,896,1016,323,705,284,766,893,528,358,486,79,505,281,986,111,233,639,95,611,278,477,576,654,413,591,254,981,919,271,159,885,563,393,877,347,935,837,257
Evaluation:0.452922938
Feasible: NO
187253.000000
Seed: 245441251