Path:438,297,757,876,697,670,1034,96,347,935,837,284,257,337,117,669,310,497,498,515,410,583,712,517,1072,955,552,313,700,454,332,219,206,587,872,654,717,957,308,213,447,576,865,857,39,178,830,186,1007,675,933,12,151,359,853,414,1080,871,890,741,796,705,323,896,492,614,1016,69,470,877,393,885,563,766,893,528,358,1069,98,477,281,79,111,341,557,156,189,1002,785,690,607,395,854,10,93,293,74,408,115,299,44,107,190,571,748,795,67,40,735,203,489,919,271,981,319,254,159,591,991,256,413,627,637,86,385,302,119,1037,398,94,833,547,234,582,679,1057,243,535,478,13,278,986,233,639,95,611,505,486,355,688
Evaluation:0.495916358
Feasible: NO
173910.000000
Seed: 245441251