Path:385,86,627,637,293,74,408,115,44,299,302,93,854,10,395,607,785,1002,189,690,156,557,341,219,206,332,872,587,654,447,576,1037,398,119,94,547,234,582,679,535,1057,583,857,117,337,712,313,700,517,1072,865,454,552,955,833,933,186,190,359,107,151,12,675,1007,830,178,39,669,310,497,498,515,410,243,478,13,795,748,571,69,470,489,203,347,935,257,837,284,705,323,796,871,890,1080,1034,853,697,297,438,757,876,670,414,741,766,893,528,159,254,591,308,717,213,355,1069,505,79,111,639,95,611,233,278,281,486,986,477,98,688,358,957,413,991,319,256,981,271,919,563,885,393,877,492,614,896,1016,96,40,735,67
Evaluation:0.430066351
Feasible: NO
199058.000000
Seed: 245441251