Path:517,313,454,700,865,857,410,1057,535,478,243,497,178,39,669,310,117,337,712,871,890,1034,796,741,1080,40,614,896,1016,347,563,254,256,919,271,957,308,213,717,872,587,332,219,206,189,1002,690,785,156,607,395,557,341,398,1037,582,679,654,477,688,355,1069,505,281,111,79,358,486,385,302,93,10,854,637,627,293,408,438,297,757,876,697,670,414,853,96,735,1007,190,186,933,675,359,12,107,151,44,299,115,74,86,94,119,547,955,1072,552,833,234,13,583,515,498,830,748,795,571,67,69,470,203,489,885,981,319,991,591,413,159,877,393,492,323,705,284,935,257,837,766,893,528,98,447,576,278,95,611,233,639,986
Evaluation:0.481390199
Feasible: NO
185426.000000
Seed: 245441251