Path:890,741,323,284,935,257,837,705,796,40,1007,190,675,12,151,107,186,933,830,178,39,865,517,313,1072,700,454,528,254,957,213,717,337,117,310,669,497,498,410,857,712,833,547,94,119,302,385,86,93,854,10,395,785,607,1002,189,690,156,557,219,206,332,587,872,654,447,576,477,98,358,1069,281,486,505,111,79,986,95,611,639,233,278,355,688,308,591,413,991,271,489,470,748,795,571,69,67,735,96,1034,414,853,552,955,1057,583,515,478,13,243,535,679,582,234,1037,398,341,637,627,293,408,74,115,299,44,359,438,297,757,876,697,670,871,1080,492,614,1016,203,896,347,893,766,393,877,319,256,981,919,159,885,563
Evaluation:0.455501512
Feasible: NO
204160.000000
Seed: 245441509