Path:189,156,690,785,1002,93,637,627,293,299,115,44,107,359,151,12,190,675,1007,735,40,614,1016,96,1034,1080,890,871,670,876,757,297,438,74,86,385,94,234,857,700,552,454,313,955,833,547,119,302,408,697,853,414,741,796,284,79,505,355,98,688,358,281,111,486,1069,10,854,395,607,557,341,398,1037,679,582,535,13,478,1057,243,515,583,410,498,497,178,39,669,310,219,206,332,587,872,717,885,877,489,470,69,748,795,571,933,186,67,203,347,893,766,393,563,254,413,308,957,213,654,576,447,477,278,233,639,95,986,611,830,117,337,712,517,1072,865,896,492,323,705,837,257,935,528,256,991,591,159,981,919,271,319
Evaluation:0.485261535
Feasible: NO
165028.000000
Seed: 245441251