Path:552,454,700,517,857,410,498,497,178,669,310,39,95,611,233,278,639,654,872,587,332,206,219,515,583,478,243,1057,13,535,547,119,302,385,86,1037,398,94,833,712,865,337,117,830,853,871,890,414,670,323,284,935,257,837,705,796,741,1034,1080,735,40,697,876,757,297,438,1007,190,186,675,12,151,107,44,299,293,637,93,854,395,785,690,156,557,341,582,679,234,955,1072,313,319,256,591,717,576,477,98,986,111,79,505,281,486,308,413,254,981,271,919,991,957,213,447,688,1069,355,358,528,893,766,159,885,563,393,877,489,470,69,748,795,571,933,67,96,614,347,896,492,1016,203,189,1002,607,10,627,408,74,115,359
Evaluation:0.487369260
Feasible: NO
172201.000000
Seed: 245441251