Path:639,233,278,95,611,986,505,281,79,111,830,498,515,243,583,478,1057,563,893,766,885,877,271,319,981,535,13,582,679,234,398,1037,341,854,93,637,293,151,44,107,359,12,675,186,933,190,1007,735,40,1034,1080,1072,700,313,517,337,117,310,669,39,178,497,410,857,712,865,454,552,955,833,547,94,119,302,385,86,115,299,748,795,571,69,470,67,96,1016,614,347,393,159,447,477,576,654,219,206,332,872,587,717,213,591,957,308,413,254,991,256,919,489,203,896,492,323,935,284,98,486,688,1069,355,358,528,257,837,705,796,741,890,871,414,853,670,697,876,757,297,438,408,74,627,10,1002,189,156,690,557,785,607,395
Evaluation:0.461601049
Feasible: NO
163900.000000
Seed: 245441476