Path:454,552,313,700,517,865,337,117,830,355,486,281,79,111,986,278,95,639,233,611,505,98,688,358,528,893,766,257,935,837,284,705,323,796,741,1080,853,359,44,151,107,933,190,675,186,795,748,571,1007,12,299,115,408,438,876,757,670,414,1034,871,890,1037,398,234,582,679,1057,583,498,410,515,478,13,243,535,547,94,119,1069,477,576,447,654,206,219,332,872,587,717,213,563,393,614,492,697,297,74,293,302,385,86,637,627,93,854,10,1002,189,156,690,785,607,395,557,341,896,1016,347,885,271,919,981,319,256,991,591,957,308,413,254,159,877,203,489,470,69,67,735,40,96,833,955,1072,712,857,497,178,669,39,310
Evaluation:0.443216596
Feasible: NO
203943.000000
Seed: 245441251