Path:281,505,111,79,986,611,639,95,233,278,486,156,690,189,1002,854,10,93,627,637,302,385,86,115,299,44,107,151,190,1007,67,470,489,254,991,717,576,447,477,1069,98,355,688,358,528,796,741,757,438,408,74,293,119,94,547,833,955,454,313,552,1072,700,517,865,712,857,498,583,515,410,243,13,1057,393,877,885,563,893,766,347,203,1016,323,705,284,257,935,837,830,178,497,669,39,310,117,337,748,795,571,69,492,614,896,96,735,40,853,1080,1034,871,890,414,670,697,297,876,359,12,675,186,933,478,535,582,679,234,398,1037,341,557,785,607,395,159,919,271,981,319,256,332,206,219,587,872,654,213,957,308,413,591
Evaluation:0.481687591
Feasible: NO
211506.000000
Seed: 245441251