Path:748,795,470,69,67,96,896,492,735,40,697,876,757,297,438,408,302,93,854,10,395,398,1037,234,679,582,1057,243,478,13,535,583,515,410,857,712,865,498,830,206,219,332,872,587,1002,189,156,690,607,785,557,341,119,94,547,833,955,552,1072,700,517,313,454,79,111,986,611,95,639,278,233,337,117,669,310,39,178,497,1034,1080,853,414,670,871,890,796,741,323,705,837,284,935,257,528,358,477,688,1069,281,486,505,355,98,447,576,654,957,159,393,877,489,203,1016,614,347,893,766,885,563,254,919,271,981,319,256,991,591,413,308,213,717,359,12,675,1007,571,933,186,190,151,107,44,299,115,74,627,293,637,86,385
Evaluation:0.453893309
Feasible: NO
207967.000000
Seed: 245441465