Path:919,981,271,319,991,447,98,688,355,1069,358,528,284,257,837,935,705,323,741,796,871,1034,1080,96,896,393,877,159,885,563,893,766,347,1016,614,492,203,489,470,69,830,117,337,865,712,955,552,833,547,94,119,302,293,299,44,190,186,933,571,795,748,395,607,690,189,1002,785,156,557,341,398,1037,256,254,591,413,308,957,213,717,587,872,332,219,206,654,576,477,486,505,111,986,281,79,639,233,95,611,278,454,313,700,517,1072,582,679,234,13,1057,535,478,243,410,583,515,498,497,669,310,178,39,857,890,414,670,757,297,438,876,697,853,735,40,67,1007,675,12,107,151,359,408,74,115,86,385,627,637,93,854,10
Evaluation:0.447965035
Feasible: NO
201645.000000
Seed: 245441251