Path:871,1034,1080,323,492,470,69,748,795,571,933,186,675,359,697,853,414,890,670,876,757,297,438,408,74,115,86,385,302,10,395,854,93,637,627,293,299,44,151,107,12,190,1007,67,735,40,96,741,796,705,257,284,837,935,347,1016,614,896,203,489,885,563,393,877,766,893,528,955,517,865,700,1072,313,712,857,583,1057,679,582,94,119,547,833,552,454,337,117,669,310,39,178,497,478,13,243,535,234,398,1037,341,557,607,785,690,156,189,1002,611,639,278,233,95,830,498,515,410,981,319,591,213,717,332,219,206,872,587,654,447,576,98,1069,281,986,111,79,505,486,688,477,358,355,308,957,413,254,159,271,919,256,991
Evaluation:0.434313533
Feasible: NO
193327.000000
Seed: 245441251