Path:705,323,896,1016,492,614,347,393,877,271,919,981,319,991,957,717,587,872,332,219,206,256,254,159,591,413,308,213,654,447,576,477,486,1069,688,98,355,857,712,865,517,700,313,454,552,1072,955,833,547,94,119,385,302,299,44,151,107,190,1007,67,69,748,795,571,470,489,203,893,766,885,563,341,557,156,1002,189,690,607,785,395,854,10,93,637,293,505,111,79,281,278,611,639,95,233,986,358,528,935,284,837,257,741,796,670,757,408,74,115,627,86,398,1037,234,582,679,535,243,13,478,933,186,675,12,359,297,438,876,697,853,1034,414,1080,890,871,735,40,96,830,178,497,498,583,515,1057,410,39,310,669,117,337
Evaluation:0.464475533
Feasible: NO
193290.000000
Seed: 245441251