Path:219,206,332,872,587,717,213,413,591,256,991,308,957,254,159,885,563,893,766,257,837,284,323,347,1016,614,896,492,203,489,877,393,919,271,981,319,654,576,447,98,1069,505,486,281,79,986,111,233,639,95,611,278,477,688,355,358,528,935,705,796,741,890,871,697,297,876,757,438,670,414,853,1034,1080,96,40,735,67,470,69,748,795,571,933,190,1007,359,12,675,186,107,151,44,299,115,408,74,86,385,302,637,293,627,93,10,854,395,785,607,1002,189,690,156,557,341,1037,398,119,94,547,833,582,234,679,535,1057,478,243,13,583,515,410,498,178,39,669,310,497,857,712,865,517,1072,955,454,552,313,700,337,117,830
Evaluation:0.299081743
Feasible: YES
16408.000000
Seed: 8510693403927192377