Path:454,1072,833,547,94,119,398,341,557,156,690,785,607,395,854,10,1002,189,219,206,332,872,587,654,576,447,477,1069,355,358,639,233,717,319,981,919,271,385,302,93,637,293,627,115,299,44,107,151,12,675,359,876,697,670,757,297,438,408,74,86,1037,679,13,478,583,178,39,669,310,337,117,830,796,741,323,705,257,284,837,935,528,885,256,991,254,159,877,393,614,896,492,1016,203,489,470,795,748,571,69,67,96,347,766,893,563,308,591,413,957,213,688,98,505,486,281,111,79,986,95,611,278,582,234,955,552,313,700,517,865,712,857,497,498,410,515,243,1057,535,871,890,414,1080,1034,853,40,735,1007,190,186,933
Evaluation:0.467141539
Feasible: NO
185862.000000
Seed: 245441251