Path:582,679,234,398,1037,341,557,156,607,395,785,690,189,1002,10,854,93,86,94,1072,454,955,313,552,700,517,865,712,857,117,337,1080,1034,414,871,890,741,796,705,837,284,257,893,528,358,1069,639,233,278,95,611,1057,243,515,583,13,478,535,833,547,119,385,302,293,637,627,44,12,190,675,186,748,795,571,933,470,69,67,40,735,96,1016,896,614,492,497,178,310,669,39,410,498,830,670,697,757,876,297,438,408,74,115,299,107,151,359,1007,853,323,935,355,688,98,505,486,281,79,111,986,477,576,447,654,206,219,332,872,587,717,213,256,991,319,877,393,489,203,347,766,563,885,159,271,981,919,254,957,413,308,591
Evaluation:0.447875643
Feasible: NO
182209.000000
Seed: 245441251