Path:865,712,517,700,313,955,454,1072,552,833,547,94,119,670,1034,890,871,705,837,257,284,935,766,347,393,877,159,271,981,256,319,587,872,206,332,219,337,117,857,410,13,535,679,582,234,398,1037,341,557,785,607,395,93,302,385,86,115,299,697,414,853,741,796,323,893,528,358,79,986,111,505,486,957,308,591,413,254,885,563,489,203,492,896,1016,614,96,67,470,69,571,795,748,190,675,933,830,178,39,310,669,497,498,515,243,478,1057,583,611,278,95,639,233,281,688,1069,355,98,477,447,576,654,717,213,991,919,156,690,189,1002,10,854,637,293,627,74,408,876,757,438,297,359,12,107,44,151,186,1007,40,735,1080
Evaluation:0.463182796
Feasible: NO
164669.000000
Seed: 245441251