Path:308,591,413,271,919,489,1016,492,896,203,470,69,748,795,571,67,1034,1080,853,697,670,414,871,890,796,741,323,347,766,358,688,98,355,576,447,654,535,679,582,234,1037,341,557,690,189,1002,10,854,627,293,385,86,637,93,395,607,785,156,206,219,332,587,872,717,213,957,991,256,319,981,159,254,563,885,393,877,893,935,257,705,837,284,865,712,583,243,1057,478,13,515,1072,454,552,955,700,313,517,857,410,498,497,178,39,669,310,337,117,830,611,95,639,278,233,986,1069,111,79,281,505,486,477,528,614,96,40,735,1007,933,675,190,186,151,12,107,44,359,438,297,757,876,408,74,115,299,302,119,398,94,547,833
Evaluation:0.445284144
Feasible: NO
196714.000000
Seed: 245441251