Path:219,206,332,872,587,654,447,477,576,213,717,957,308,591,413,159,885,563,766,893,935,837,741,796,871,890,1080,1034,414,670,478,1057,583,515,410,498,178,497,310,39,669,857,712,313,700,552,1072,454,757,876,297,438,408,74,115,86,385,302,119,547,833,955,517,865,337,117,830,393,489,203,614,1016,896,492,40,735,853,697,359,151,44,299,293,637,627,94,234,582,13,243,535,679,1037,398,341,395,854,93,10,1002,189,607,785,156,557,690,319,981,254,256,919,991,271,877,470,69,571,748,795,98,95,639,278,233,611,111,986,281,505,79,486,688,355,1069,358,528,257,284,705,323,347,96,67,1007,107,12,190,675,186,933
Evaluation:0.469738528
Feasible: NO
233339.000000
Seed: 245441251