Path:919,159,254,885,766,893,563,393,877,347,13,478,741,323,705,796,871,890,1034,1080,670,414,853,408,74,293,385,302,637,627,93,854,10,395,785,607,1002,837,257,284,1037,119,398,94,547,833,234,582,679,243,535,1057,410,515,583,857,712,865,498,497,178,39,669,310,933,571,795,748,1007,190,186,675,12,697,876,757,438,297,359,151,107,44,299,115,86,341,557,156,690,189,206,219,332,587,872,654,447,576,717,213,308,957,256,319,981,271,991,591,413,688,355,98,477,1069,111,486,505,281,278,233,95,639,611,986,79,358,528,935,203,489,1016,614,492,896,96,40,735,67,69,470,830,117,337,517,700,313,1072,955,552,454
Evaluation:0.496629466
Feasible: NO
170004.000000
Seed: 245441251