Path:933,675,12,44,151,107,293,627,637,854,93,395,785,607,341,1037,582,679,234,547,94,119,385,86,74,115,299,359,670,1034,414,871,890,219,206,332,872,587,991,256,981,319,271,919,393,347,614,896,96,1080,853,697,757,876,297,438,408,302,10,1002,189,690,156,557,398,833,700,313,552,955,454,1072,517,865,712,857,498,497,178,39,669,310,337,117,830,877,159,254,591,957,413,308,213,717,654,576,447,528,893,766,257,284,837,935,705,796,741,323,1016,492,735,40,1007,186,190,571,748,795,535,1057,13,583,410,515,478,243,355,688,1069,477,278,233,611,639,95,986,111,79,281,505,486,98,358,885,563,203,489,470,69,67
Evaluation:0.447662130
Feasible: NO
187980.000000
Seed: 245441251