Path:219,206,872,332,587,654,717,877,470,69,67,795,748,571,933,186,675,107,293,637,93,395,607,785,690,156,189,1002,854,10,414,1080,1034,96,735,40,535,679,582,234,1037,341,557,86,385,302,627,115,299,44,151,12,190,1007,359,697,853,890,741,796,705,257,837,935,766,893,528,885,957,308,991,256,981,919,271,319,159,254,830,117,337,515,583,13,1057,243,478,408,74,297,438,757,876,670,871,323,284,398,119,94,547,833,552,454,313,1072,955,700,517,865,712,857,410,498,178,497,310,669,39,611,639,95,233,278,281,1069,358,355,688,505,486,111,79,986,98,477,576,447,213,413,591,563,393,347,896,1016,492,614,203,489
Evaluation:0.481507533
Feasible: NO
179903.000000
Seed: 245441251