Path:670,414,741,890,871,1034,853,1080,40,96,614,492,896,347,766,893,308,957,717,872,587,332,206,219,654,213,591,991,256,981,919,271,877,393,563,885,159,254,319,413,447,576,477,278,233,611,639,95,688,355,1069,98,358,528,203,489,1016,323,796,705,284,837,935,257,117,337,865,712,679,94,398,341,557,156,690,189,1002,10,854,395,785,607,93,637,74,408,438,297,876,757,697,735,470,69,67,571,795,748,497,669,310,39,857,517,1072,313,700,454,552,955,833,547,119,302,299,44,107,151,12,675,190,186,933,1007,359,115,627,293,86,385,1037,234,582,535,478,1057,13,243,410,583,515,498,178,830,281,486,505,986,111,79
Evaluation:0.432693757
Feasible: NO
206977.000000
Seed: 245441251