Path:876,757,297,438,408,74,115,299,359,12,44,107,151,186,675,1007,190,933,571,1037,119,547,234,582,679,535,243,478,498,497,669,117,337,332,872,206,219,587,591,981,919,271,393,877,766,837,284,705,935,257,741,796,1080,697,670,414,853,1034,871,890,323,347,893,885,159,254,319,256,991,413,957,308,213,717,654,447,576,505,98,1069,688,355,830,178,310,39,857,410,515,583,1057,13,398,302,385,86,637,293,627,93,854,395,10,1002,189,690,156,785,607,557,341,94,833,955,454,313,1072,552,700,517,712,865,614,896,492,203,1016,96,735,40,67,795,748,69,470,489,563,528,358,477,278,639,95,233,611,986,111,79,486,281
Evaluation:0.434590624
Feasible: NO
153006.000000
Seed: 245441251