Path:219,206,332,587,872,717,256,919,271,96,1080,1034,796,741,890,871,670,876,757,359,151,186,675,107,44,299,293,627,637,854,10,1002,189,156,607,395,93,302,385,86,115,74,408,12,190,1007,933,571,748,795,67,69,470,203,489,877,319,981,591,477,688,355,98,1069,486,505,281,712,517,1072,313,454,700,955,552,833,94,119,398,1037,547,234,582,679,535,478,583,13,243,1057,410,515,498,178,497,669,310,39,857,865,337,117,830,438,297,697,414,853,735,40,492,896,1016,614,347,393,563,885,159,254,991,413,957,308,213,654,576,447,278,233,611,639,95,986,111,79,358,528,893,766,935,257,837,284,705,323,341,557,690,785
Evaluation:0.407658329
Feasible: NO
227082.000000
Seed: 245441465