Path:877,159,919,981,271,854,10,93,637,627,293,299,115,408,74,86,385,302,398,119,94,547,833,700,1072,313,517,712,957,413,319,256,991,717,654,872,332,219,206,587,515,410,243,583,857,669,497,178,39,310,498,478,13,535,1057,582,679,234,1037,528,893,766,563,885,347,203,1016,614,896,492,1080,853,414,1034,697,876,757,107,12,151,44,359,297,438,670,890,871,796,837,284,705,735,40,96,741,323,257,935,358,281,486,505,111,986,611,95,233,278,639,79,341,607,395,785,690,189,156,557,1002,1069,477,98,688,355,576,447,213,308,591,254,393,489,470,69,67,571,795,748,190,675,1007,186,933,830,117,337,865,955,552,454
Evaluation:0.512554997
Feasible: NO
165235.000000
Seed: 245441251