Path:865,1072,517,700,313,712,857,410,515,498,497,178,39,310,669,337,117,830,933,107,12,359,438,297,757,876,697,670,414,1034,1080,853,871,890,796,741,1016,896,203,347,766,893,528,355,358,505,79,486,281,111,611,95,854,10,93,785,607,690,189,1002,156,557,341,717,213,308,413,957,591,254,991,256,919,271,877,489,470,69,67,795,748,571,1007,675,190,186,151,115,86,385,395,1037,234,679,13,478,583,243,1057,535,582,547,119,627,293,637,299,44,74,408,302,398,94,833,955,552,454,233,278,639,986,688,1069,98,477,576,447,654,587,872,206,219,332,319,981,159,885,563,393,614,492,323,705,837,935,257,284,96,735,40
Evaluation:0.456273903
Feasible: NO
193069.000000
Seed: 245441251