Path:79,111,986,1069,98,358,528,935,705,796,741,323,284,837,257,766,893,563,885,159,254,591,413,957,308,213,717,872,587,332,219,206,654,447,576,688,505,486,281,477,830,178,39,669,310,497,498,410,857,517,1072,313,700,454,552,833,398,1037,234,582,679,535,13,1057,583,515,478,243,408,74,297,438,757,876,697,670,414,1034,853,871,890,1080,96,347,1016,896,614,203,489,393,877,492,40,735,67,1007,675,117,337,865,712,955,547,94,119,341,785,156,189,1002,607,690,557,95,611,278,639,233,355,256,991,319,271,981,919,470,69,748,795,571,933,186,190,12,107,44,115,86,385,302,10,395,854,93,637,627,293,299,151,359
Evaluation:0.437140814
Feasible: NO
220329.000000
Seed: 245441251