Path:547,94,119,398,1037,341,557,785,607,690,156,189,1002,10,854,395,93,637,627,293,302,385,86,408,74,115,299,44,12,190,675,186,1007,933,571,748,795,552,955,833,234,582,679,67,69,470,489,203,492,1016,896,563,885,393,877,271,919,981,159,254,957,991,256,319,591,413,308,213,717,654,447,454,1072,700,313,517,865,337,117,486,505,281,986,79,111,1069,355,528,893,766,347,614,96,735,40,697,757,876,438,297,359,151,107,830,178,497,498,583,13,243,535,1057,478,515,410,39,310,669,857,712,871,414,853,670,1080,1034,890,741,796,323,705,935,257,284,837,358,688,98,611,639,233,95,278,477,576,872,587,332,219,206
Evaluation:0.444123802
Feasible: NO
165243.000000
Seed: 245441251