Path:830,178,497,410,583,1057,13,515,498,857,712,1072,313,454,955,552,700,833,547,94,86,385,627,637,293,107,12,151,190,1007,735,40,96,896,203,156,785,607,395,341,557,690,189,1002,10,854,93,302,119,398,1037,741,796,871,890,414,1080,1034,853,670,697,757,876,297,438,408,74,115,299,44,359,675,186,748,795,571,933,67,69,470,489,393,877,271,919,981,319,256,991,591,413,957,308,717,587,872,332,219,206,576,688,355,98,233,95,639,278,611,281,111,477,447,654,213,254,159,885,563,935,257,284,837,705,323,1016,492,614,347,766,893,528,358,1069,486,79,986,505,517,865,337,117,669,310,39,478,243,535,679,234,582
Evaluation:0.412314015
Feasible: NO
189764.000000
Seed: 245441251