Path:705,323,741,796,284,837,257,935,766,893,614,96,1034,414,1080,853,337,865,712,857,410,498,497,178,39,310,669,117,830,281,505,111,79,986,639,611,95,233,278,576,1057,478,13,535,833,547,94,119,302,385,86,93,637,627,74,115,299,44,107,12,151,359,454,552,955,700,517,313,1072,243,583,515,219,206,332,872,587,654,447,477,98,1069,358,688,355,486,213,717,981,919,271,877,203,470,69,67,933,571,748,795,186,675,190,1007,40,735,1016,896,347,563,885,528,957,413,308,591,991,256,319,254,159,393,489,492,890,871,670,697,757,876,297,438,408,293,854,10,395,607,785,690,1002,189,156,557,341,1037,398,234,582,679
Evaluation:0.463803958
Feasible: NO
144110.000000
Seed: 245441251