Path:395,854,86,385,302,119,94,547,833,234,398,1037,341,557,785,156,690,189,1002,607,10,93,637,627,293,299,115,74,408,438,876,697,670,853,1080,492,203,877,393,117,337,865,517,712,313,700,955,552,1072,454,933,190,675,186,1007,12,151,107,44,359,757,297,735,896,1016,614,347,893,766,358,486,79,281,505,278,611,986,111,639,95,233,477,98,688,310,669,39,178,857,497,583,535,679,582,1057,243,478,13,587,332,219,206,872,717,413,319,981,271,489,470,69,571,748,795,67,40,96,741,323,563,885,159,254,591,991,256,919,957,308,213,654,447,576,1069,355,528,935,257,284,837,705,796,890,871,1034,414,410,515,498,830
Evaluation:0.475515965
Feasible: NO
175977.000000
Seed: 245441251