Path:39,310,669,117,337,865,454,254,991,256,319,981,919,271,563,885,393,489,96,40,1080,1034,414,670,871,890,741,796,284,837,257,935,705,323,492,614,1016,830,178,497,498,583,243,1057,535,582,679,234,547,94,933,186,675,190,151,293,10,854,395,785,607,341,557,156,690,1002,189,278,95,639,233,611,986,111,79,281,486,505,1069,688,98,355,358,528,893,347,896,853,697,297,359,12,107,44,299,115,74,408,438,876,757,833,955,1072,552,313,700,517,712,857,410,515,478,13,1037,398,119,302,385,86,637,627,93,332,219,206,587,872,717,877,470,69,67,795,748,571,1007,735,203,766,159,308,413,957,591,213,654,576,447,477
Evaluation:0.485510637
Feasible: NO
203684.000000
Seed: 245441251