Path:933,186,190,44,299,115,74,408,86,385,302,119,1037,398,94,547,582,234,679,670,871,414,1080,1034,853,890,796,741,323,705,837,284,935,257,766,885,563,254,591,308,607,189,1002,10,627,637,293,93,854,395,341,557,156,690,785,278,639,233,95,611,986,111,486,281,79,505,1069,477,654,587,872,206,219,332,717,957,159,489,203,470,69,67,571,748,795,310,497,498,410,583,1057,535,13,243,478,515,857,712,865,517,1072,833,955,552,313,700,454,981,919,271,319,256,991,413,213,447,576,688,98,355,358,528,893,347,877,393,830,117,337,669,39,178,492,1016,614,896,96,735,40,1007,675,12,107,151,359,438,297,757,876,697
Evaluation:0.478883126
Feasible: NO
148107.000000
Seed: 245441476