Path:186,190,675,12,151,107,359,44,299,115,93,10,854,395,607,557,341,785,1002,189,690,156,332,219,206,872,587,717,654,477,688,1069,358,505,281,111,79,986,486,278,639,233,95,611,98,515,583,1057,478,243,13,535,234,582,679,833,547,94,119,398,1037,302,385,86,637,627,293,74,408,438,297,757,876,697,670,414,871,1080,853,1034,890,741,796,705,323,284,257,935,837,347,766,893,528,355,576,447,830,117,337,865,857,712,1072,517,313,700,454,552,955,492,614,896,1016,203,489,470,69,748,795,571,933,1007,67,40,735,96,39,669,178,310,497,410,498,254,591,159,885,563,393,877,271,919,981,319,256,991,213,308,957,413
Evaluation:0.448657607
Feasible: NO
198933.000000
Seed: 245441251