Path:535,583,515,410,498,497,178,39,310,669,337,117,830,489,203,1016,492,614,896,347,766,893,528,454,313,700,517,865,712,857,478,243,1057,13,582,679,234,955,552,1072,933,190,186,675,1007,12,107,359,297,438,876,757,697,670,871,1034,414,890,796,837,935,257,284,705,323,741,1080,853,96,40,735,67,571,748,795,151,408,74,86,385,302,119,1037,398,94,547,833,332,219,206,872,587,654,355,98,986,281,486,505,79,111,278,233,639,611,95,477,447,957,413,991,271,919,981,319,256,563,393,159,254,591,308,213,717,576,688,1069,358,885,877,470,69,44,299,115,627,293,637,93,854,10,1002,607,341,557,395,785,156,690,189
Evaluation:0.441618544
Feasible: NO
149336.000000
Seed: 245441251