Path:705,796,323,741,890,871,670,697,408,74,115,438,297,757,876,1080,414,1034,853,40,735,203,614,1016,347,393,885,563,271,919,489,492,896,96,1007,186,190,359,107,151,44,627,10,1002,189,156,690,607,785,557,341,582,547,833,955,313,454,857,39,310,669,178,986,486,505,111,611,95,639,233,278,281,79,477,576,654,219,206,332,872,587,447,1069,355,358,98,688,830,117,337,712,865,517,1072,700,552,94,86,385,302,119,398,535,1057,515,478,243,13,837,935,284,257,766,893,528,991,319,981,256,591,413,308,957,717,213,254,159,877,583,410,498,497,679,234,1037,395,854,93,637,293,299,12,675,933,571,795,748,69,470,67
Evaluation:0.486712004
Feasible: NO
228496.000000
Seed: 245441251