Path:10,854,395,607,785,156,690,189,1002,341,557,93,302,627,293,637,614,492,896,1016,347,393,877,271,919,256,332,219,206,872,587,717,213,957,308,413,591,478,243,13,679,535,1057,583,410,515,857,498,497,178,830,654,576,447,477,358,355,1069,688,98,79,111,986,281,486,505,278,611,639,95,233,310,39,669,117,337,757,438,297,697,890,796,705,528,893,766,563,885,159,981,254,319,991,552,955,454,1072,700,313,517,865,712,833,547,94,234,582,1037,398,119,385,86,107,1007,748,795,571,67,69,470,489,203,40,735,96,853,1080,414,1034,741,323,935,257,837,284,871,670,876,408,74,115,299,44,151,12,359,675,186,190,933
Evaluation:0.471766995
Feasible: NO
168477.000000
Seed: 245441251