Path:341,557,607,785,690,156,189,1002,10,854,293,627,637,93,395,1037,234,582,679,535,1057,478,243,13,410,497,178,39,310,669,117,337,865,712,857,515,583,498,830,438,297,876,757,697,670,871,890,741,796,414,1080,1034,853,96,735,40,67,69,933,571,795,748,470,203,1016,614,896,347,766,893,528,935,837,257,284,705,323,119,398,94,547,833,313,517,700,1072,955,552,454,95,278,233,639,611,986,79,111,281,486,505,98,358,1069,355,688,477,576,447,213,308,413,256,319,877,489,1007,359,74,408,115,86,385,302,299,44,107,151,12,675,186,190,492,393,563,885,159,591,991,919,271,981,254,957,717,654,587,872,332,206,219
Evaluation:0.410683231
Feasible: NO
183665.000000
Seed: 245441251