Path:95,639,111,986,1069,98,477,447,576,654,206,219,332,872,587,717,308,885,563,1016,896,492,1080,414,1034,853,697,876,757,297,438,408,74,115,44,107,151,186,675,12,359,1007,190,933,830,117,337,865,517,712,857,497,310,669,39,178,498,583,410,515,1057,478,13,535,243,833,547,955,1072,700,313,552,454,271,319,256,591,528,935,257,837,284,705,323,741,796,871,890,670,854,10,93,395,607,785,1002,189,611,233,278,505,486,281,79,688,355,358,766,893,347,614,96,40,735,67,571,795,748,299,293,637,627,86,385,302,119,94,398,234,582,679,1037,341,557,156,690,213,957,413,991,919,981,254,159,393,877,203,489,470,69
Evaluation:0.448529574
Feasible: NO
222575.000000
Seed: 245441251