Path:748,795,470,69,67,571,933,186,675,107,637,293,627,94,547,234,583,498,497,178,39,310,669,337,117,830,639,611,95,233,278,576,447,308,957,591,254,877,393,563,885,766,257,837,284,935,705,323,796,741,890,871,1080,1034,414,853,670,697,876,757,297,438,359,1007,735,40,96,489,203,896,1016,492,614,347,893,528,358,355,98,688,1069,986,111,79,486,505,281,477,654,213,413,981,919,271,159,833,313,454,552,955,1072,700,517,865,712,857,410,515,478,13,243,1057,535,582,679,1037,398,119,302,385,86,74,408,299,44,190,12,151,115,93,854,10,785,607,395,341,557,156,690,189,1002,219,206,332,587,872,717,256,991,319
Evaluation:0.421087886
Feasible: NO
217199.000000
Seed: 245441251