Path:697,757,876,297,438,359,795,748,571,67,69,470,489,243,13,1057,478,535,679,833,547,94,355,98,1069,688,505,486,281,111,79,986,95,611,233,278,639,830,117,337,310,669,39,178,497,857,865,712,517,700,454,955,552,313,1072,576,717,213,308,957,254,885,563,393,877,347,614,203,1016,492,896,323,705,796,741,890,871,414,1034,853,1080,670,74,408,302,93,854,395,607,785,156,557,341,398,119,1037,234,582,410,515,583,498,358,477,447,654,587,872,332,219,206,690,189,1002,10,627,293,637,385,86,115,299,44,151,107,12,675,933,186,190,1007,40,735,96,257,837,284,935,528,893,766,271,919,981,159,591,413,256,319,991
Evaluation:0.471192440
Feasible: NO
191861.000000
Seed: 245441251