Path:117,337,865,712,517,700,454,186,675,190,12,107,151,44,299,115,74,408,853,96,1016,393,563,885,159,957,447,355,688,98,1069,477,358,281,79,111,505,486,986,611,233,278,639,95,830,178,857,410,583,1057,535,13,679,234,582,478,243,515,498,497,669,310,39,528,893,766,935,257,837,284,705,796,741,1080,1034,414,670,871,890,323,347,896,203,614,492,735,40,697,757,876,297,438,359,1007,933,571,748,795,67,69,470,489,877,254,591,308,413,213,576,654,219,206,332,872,587,717,256,319,991,919,271,981,293,637,627,86,385,302,119,94,547,833,955,1072,313,552,398,1037,341,557,785,607,156,690,189,1002,10,854,395,93
Evaluation:0.420214967
Feasible: NO
218785.000000
Seed: 245441476