Path:796,871,1034,1080,40,735,67,571,748,795,830,178,497,337,117,705,284,935,837,257,893,766,347,1016,492,896,323,741,890,853,414,670,697,757,876,297,438,359,12,107,151,44,299,115,74,408,332,219,206,587,872,717,654,576,447,278,233,639,95,611,986,486,281,477,98,111,79,688,1069,355,505,358,528,563,203,489,470,69,933,186,675,190,1007,96,614,393,877,885,919,271,159,254,319,256,991,413,213,308,957,591,981,582,234,679,13,535,243,1057,478,583,515,410,498,669,310,39,857,712,865,454,552,1072,517,313,700,955,833,547,94,119,557,156,690,189,1002,785,607,395,10,341,1037,398,302,385,86,93,854,637,627,293
Evaluation:0.423965226
Feasible: NO
220164.000000
Seed: 245441251