Path:748,795,470,489,877,885,563,393,705,796,741,935,766,893,347,1016,614,896,203,492,323,257,284,837,528,159,981,271,919,991,591,413,254,319,256,358,1069,98,355,688,486,986,281,79,111,505,830,178,497,310,39,669,117,337,865,712,857,517,1072,454,700,313,552,955,571,69,67,735,40,96,853,414,1034,1080,871,890,670,697,876,757,297,438,408,74,115,299,44,151,107,359,12,1007,675,186,190,933,234,679,582,535,1057,243,833,547,94,119,398,1037,341,302,385,86,627,293,637,93,10,395,854,1002,189,690,785,156,557,607,219,654,717,587,872,206,332,515,498,478,13,583,410,611,95,639,233,278,477,447,576,213,957,308
Evaluation:0.463172952
Feasible: NO
174228.000000
Seed: 245441251