Path:877,393,885,563,254,159,271,919,981,319,991,256,454,552,955,833,547,94,398,234,679,582,535,478,1057,243,583,13,933,675,1007,186,190,107,44,627,637,293,302,385,86,93,785,156,690,189,1002,10,854,395,607,557,341,986,111,505,281,79,486,119,1037,40,735,96,741,323,796,871,890,414,1080,1034,853,670,697,408,74,115,299,151,12,359,297,438,876,757,830,178,39,669,310,497,498,410,515,857,117,337,1072,313,700,517,865,712,219,206,332,587,872,717,591,957,308,413,213,654,576,447,477,278,95,611,233,639,1069,98,688,355,358,528,935,257,284,837,705,766,893,347,1016,896,614,492,203,489,470,69,67,571,795,748
Evaluation:0.464149159
Feasible: NO
169139.000000
Seed: 245441251