Path:607,156,690,189,1002,395,785,557,341,398,1037,639,278,986,79,111,281,505,486,358,528,893,347,96,853,697,408,74,86,385,627,293,637,299,115,44,107,151,12,359,438,297,757,876,670,414,871,890,1080,1034,741,796,705,257,284,837,935,454,955,1072,313,552,700,517,865,712,857,498,410,13,243,478,583,515,497,178,39,669,310,337,117,830,319,991,256,981,413,308,717,332,206,219,587,872,271,919,489,470,69,748,795,571,933,186,190,675,1007,67,40,735,203,877,393,355,1069,688,98,477,233,95,611,10,854,93,302,119,94,547,833,582,679,234,535,1057,323,492,1016,896,614,766,563,885,159,254,591,957,213,654,576,447
Evaluation:0.465482744
Feasible: NO
213527.000000
Seed: 245441251