Path:637,627,293,299,115,74,86,385,10,607,189,1002,690,156,557,785,278,233,639,611,95,986,505,281,486,111,79,98,1069,688,358,355,717,213,957,991,256,319,981,591,308,413,830,178,39,337,117,310,669,497,498,515,478,1057,243,13,535,679,582,234,833,583,410,857,712,865,517,313,700,1072,955,552,454,477,447,576,654,587,872,332,219,206,547,94,119,398,1037,341,395,854,93,302,408,438,297,757,876,697,1034,1080,853,670,359,12,44,151,107,675,190,933,186,1007,571,795,748,470,69,67,735,40,414,871,890,741,796,323,705,284,837,257,935,528,893,766,885,159,254,919,271,877,393,563,347,896,1016,489,203,492,614,96
Evaluation:0.416535913
Feasible: NO
173591.000000
Seed: 245441251