Path:830,117,310,669,39,178,497,712,857,410,498,515,583,243,478,535,1057,13,582,679,234,547,119,94,833,955,552,454,1072,700,313,517,865,337,159,919,271,981,319,256,991,302,385,293,637,93,854,395,341,557,690,156,189,1002,785,607,10,627,115,299,44,151,107,359,697,757,876,297,438,408,74,86,398,1037,670,853,414,871,890,1034,1080,735,40,96,1016,614,203,347,323,741,796,705,284,837,257,935,893,766,563,885,254,591,308,957,413,447,688,98,1069,281,486,358,528,896,492,67,1007,675,186,190,12,933,571,795,748,69,470,489,393,877,717,213,206,219,332,872,587,654,576,477,95,639,233,611,278,986,111,79,505,355
Evaluation:0.413005921
Feasible: NO
173160.000000
Seed: 245441251