Path:395,607,557,341,1037,234,679,582,498,497,857,712,865,517,1072,700,552,454,313,393,563,885,893,766,935,837,284,796,741,323,705,257,528,358,986,111,505,281,486,79,278,639,611,233,95,785,156,690,189,1002,10,854,93,637,293,627,115,299,44,151,795,748,571,933,190,186,675,1007,12,107,359,697,670,757,876,297,438,408,74,86,385,302,119,398,94,547,833,955,515,410,583,478,243,535,13,1057,67,69,470,489,203,413,213,587,872,206,219,332,717,308,591,254,159,877,347,614,896,1016,492,1080,414,871,890,853,1034,40,735,96,830,178,39,669,310,117,337,271,919,981,319,256,991,957,654,576,447,1069,688,355,98,477
Evaluation:0.455615730
Feasible: NO
199233.000000
Seed: 245441251