Path:219,206,332,717,957,308,213,587,872,654,576,447,1069,688,98,505,111,79,986,278,233,639,95,611,477,591,413,991,319,256,981,271,919,254,159,877,489,470,69,748,795,156,690,607,785,557,341,1037,234,582,679,535,478,243,1057,13,583,515,498,178,497,310,669,39,1007,190,933,571,67,40,735,492,203,347,1016,896,614,96,1080,414,670,697,359,12,675,186,107,151,44,299,115,438,297,757,876,408,74,86,385,302,627,293,637,93,854,10,189,1002,395,398,119,94,547,833,410,857,712,1072,700,955,517,313,552,454,865,337,117,830,393,885,563,893,766,257,837,284,323,796,741,1034,853,871,890,705,935,528,358,355,281,486
Evaluation:0.408269692
Feasible: NO
214124.000000
Seed: 245441251