Path:547,833,955,552,454,313,1072,700,517,865,712,857,583,515,410,13,478,243,1057,535,498,669,310,39,117,337,79,111,486,986,505,281,477,717,981,919,271,991,256,319,830,178,497,679,234,582,1037,398,94,119,302,385,86,107,190,1007,675,186,933,12,359,151,44,299,115,627,637,93,854,395,785,341,557,156,189,690,607,1002,10,293,74,408,438,297,757,876,670,697,571,795,748,470,69,67,735,40,96,489,393,254,413,219,206,332,872,587,654,576,447,688,355,1069,278,358,528,935,257,837,284,705,796,741,890,1034,853,1080,414,871,323,893,766,614,492,1016,896,203,347,563,885,877,159,591,308,957,213,98,95,233,639,611
Evaluation:0.426058183
Feasible: NO
175476.000000
Seed: 245441251