Path:877,393,563,885,766,893,528,159,271,981,919,254,591,413,308,358,1069,477,98,688,355,111,79,486,505,281,986,278,639,233,611,95,302,385,293,627,637,93,607,785,395,854,10,1002,189,690,156,557,341,1037,582,679,234,547,94,119,398,86,74,408,438,297,757,876,670,741,796,705,284,837,257,935,323,492,735,40,1007,748,795,571,67,69,470,319,256,991,957,213,717,587,872,332,219,206,654,576,447,337,117,669,310,39,178,497,865,454,552,1072,955,833,535,13,478,1057,243,410,515,583,517,313,700,712,857,498,830,489,203,614,1016,347,896,96,853,414,1080,1034,890,871,697,359,44,151,107,12,675,186,190,933,115,299
Evaluation:0.407579573
Feasible: NO
199122.000000
Seed: 245441251