Path:67,571,933,186,190,1007,675,12,107,44,151,359,299,438,297,757,876,697,670,871,796,741,323,257,766,893,159,254,919,271,981,393,877,203,492,614,489,470,69,96,896,1016,347,885,563,591,413,991,957,308,213,447,477,233,639,278,611,95,986,111,79,505,355,576,654,219,206,332,587,872,717,256,319,1002,189,690,156,557,341,398,119,94,547,535,1057,410,337,117,830,74,408,115,86,385,302,293,637,627,93,854,10,395,785,607,1037,234,582,679,833,955,552,313,700,454,1072,517,865,712,857,498,515,243,13,478,583,497,178,39,669,310,748,795,486,281,688,98,1069,358,528,935,837,284,705,890,1080,1034,853,414,40,735
Evaluation:0.431382700
Feasible: NO
201093.000000
Seed: 245441251