Path:233,639,95,278,611,111,79,986,865,712,857,1057,243,583,410,1016,896,492,614,347,766,893,528,358,688,355,98,486,505,281,1069,477,447,576,654,717,957,413,308,591,991,256,319,271,919,981,254,159,885,877,203,489,470,69,748,795,571,933,675,186,190,1007,359,12,107,151,44,299,115,74,408,86,385,293,627,637,302,119,94,547,955,517,700,454,313,1072,552,833,398,1037,341,557,607,785,395,93,10,854,1002,189,156,690,393,563,935,257,284,837,323,705,796,741,890,871,414,670,438,297,876,757,697,853,1080,1034,96,735,40,67,234,679,582,535,13,478,515,498,497,178,39,669,310,337,117,830,213,872,587,332,206,219
Evaluation:0.419705460
Feasible: NO
216600.000000
Seed: 245441251