Path:991,413,308,447,576,688,98,477,233,95,639,278,486,505,281,785,690,156,189,1002,607,395,93,10,854,637,627,86,74,408,438,297,757,876,697,670,853,414,1080,830,117,337,748,795,571,69,470,489,271,919,256,319,957,717,872,206,219,332,587,654,213,591,254,159,981,393,877,885,563,766,893,1069,355,358,528,935,347,1016,896,203,614,492,67,1007,933,186,190,675,359,12,44,107,151,115,299,293,302,385,557,341,1037,398,119,611,986,79,111,454,552,700,313,955,1072,517,865,712,515,583,1057,535,582,679,234,547,94,833,243,478,13,410,498,497,178,310,669,39,857,705,284,257,837,323,741,796,96,735,40,1034,890,871
Evaluation:0.485617565
Feasible: NO
219641.000000
Seed: 245441251