Path:156,189,1002,690,785,607,557,341,398,243,478,1057,13,582,679,94,119,302,385,86,627,293,637,93,854,10,395,1037,234,535,583,410,515,498,178,39,857,712,497,669,310,337,117,830,67,492,896,614,347,893,766,935,837,705,323,284,257,528,563,885,308,957,591,413,991,213,447,278,95,639,611,233,505,486,281,79,111,986,358,355,688,1069,98,477,576,654,872,587,206,219,332,717,319,256,454,552,1072,700,955,865,517,313,833,547,299,44,107,151,12,675,359,697,876,757,297,438,408,74,115,1007,571,748,795,186,190,933,69,470,489,203,877,159,981,271,919,254,393,1016,96,40,735,853,1034,670,1080,414,890,871,796,741
Evaluation:0.430224274
Feasible: NO
156376.000000
Seed: 245441251