Path:1002,395,854,10,93,627,637,293,302,385,86,74,408,438,297,757,876,697,40,735,489,203,877,254,159,413,256,919,271,528,393,1034,670,359,299,115,107,44,151,12,1007,190,675,933,186,795,748,571,470,69,67,96,347,766,893,323,741,454,700,712,857,39,669,178,830,837,935,257,284,705,796,871,890,1080,853,414,492,896,614,1016,563,885,981,319,991,308,591,957,717,213,447,355,358,505,281,986,111,79,486,1069,688,98,410,498,583,515,478,582,679,234,833,547,94,535,13,1057,243,497,310,117,337,865,517,1072,313,552,955,206,219,332,872,587,654,576,477,611,233,278,95,639,1037,398,119,341,557,785,607,690,189,156
Evaluation:0.476891101
Feasible: NO
149487.000000
Seed: 245441251