Path:857,712,583,13,398,119,94,547,833,955,552,454,1072,313,700,517,865,337,117,310,669,39,178,830,347,1016,614,492,735,40,853,890,741,796,284,766,893,393,877,271,919,981,254,159,885,563,489,203,896,96,1080,1034,414,871,670,697,876,757,438,297,359,12,190,933,571,795,748,186,675,1007,67,470,69,323,705,837,257,935,528,358,355,98,79,486,688,447,213,717,395,854,10,93,637,293,627,302,385,86,408,74,115,299,107,44,151,639,278,233,611,95,986,111,505,281,1069,477,576,654,872,587,332,219,206,1002,189,690,156,607,785,557,341,1037,234,679,582,535,478,1057,243,410,515,498,497,308,957,591,413,991,256,319
Evaluation:0.437529901
Feasible: NO
209325.000000
Seed: 245441251