Path:830,178,497,498,515,583,1057,535,234,679,582,478,13,243,410,39,669,310,117,337,865,517,857,712,1072,313,700,454,552,955,833,547,94,119,398,1037,341,557,785,607,690,156,189,1002,10,395,854,93,637,627,86,385,302,293,299,115,74,408,438,297,757,876,670,697,853,1034,890,741,796,705,837,284,935,257,323,871,414,1080,96,735,40,492,1016,614,896,347,766,893,528,358,98,688,1069,355,486,505,281,986,79,111,611,639,233,95,278,477,447,576,654,206,219,332,587,872,717,213,957,308,413,591,991,256,319,271,919,981,254,159,885,563,393,877,203,489,470,69,67,1007,359,151,44,107,12,675,186,190,933,571,748,795
Evaluation:0.285295987
Feasible: YES
116959.000000
Seed: -1069425034