Path:857,498,497,310,669,515,1057,535,679,582,234,1037,398,119,302,408,115,299,44,151,107,12,697,670,414,1034,1080,757,876,438,297,74,359,1007,67,470,40,735,96,284,837,257,935,865,517,712,1072,700,313,454,552,955,833,547,94,206,219,332,587,872,717,319,991,254,159,885,563,893,766,347,393,877,271,919,256,981,591,528,830,117,337,178,39,583,410,13,478,243,413,308,957,213,654,447,576,477,486,281,986,278,639,95,611,233,505,79,111,1069,688,355,98,358,607,785,395,93,637,627,293,854,10,1002,189,690,156,557,341,86,385,614,896,1016,492,203,489,69,748,795,571,933,186,190,675,853,871,890,741,796,705,323
Evaluation:0.483378340
Feasible: NO
202908.000000
Seed: 245441251