Path:669,310,39,117,337,865,712,517,1072,700,454,313,552,955,833,547,1037,398,341,557,785,10,854,627,637,293,299,830,178,497,498,857,308,957,591,319,981,254,413,991,256,213,717,447,576,505,486,111,79,986,281,611,639,233,95,278,74,408,115,44,107,359,151,12,190,675,933,186,1007,748,795,571,470,69,67,40,735,96,1080,853,1034,871,890,414,670,876,757,438,297,697,614,877,393,489,203,896,1016,492,323,741,796,705,284,837,935,257,347,766,893,528,563,885,159,271,919,515,410,583,1057,478,13,243,535,679,582,234,94,119,302,385,86,93,395,607,690,156,189,1002,358,355,1069,688,98,477,654,872,206,587,332,219
Evaluation:0.444784310
Feasible: NO
193413.000000
Seed: 245441251