Path:614,492,1016,347,563,885,271,919,981,159,254,393,877,203,489,69,748,795,571,933,190,186,675,107,12,359,697,853,670,876,757,297,438,115,299,44,151,1007,67,470,319,256,991,591,413,308,957,213,717,587,872,332,206,219,654,576,447,505,486,79,111,986,281,1069,355,528,896,96,735,40,1080,337,117,857,712,517,955,1072,865,313,700,454,552,833,547,94,119,398,341,557,607,785,156,690,189,1002,395,10,93,854,293,637,627,302,385,86,74,408,414,1034,871,890,741,837,284,257,935,893,766,358,688,98,477,233,278,639,95,611,310,669,39,410,498,497,178,830,796,705,323,1037,234,679,582,1057,535,13,478,243,583,515
Evaluation:0.436385702
Feasible: NO
238103.000000
Seed: 245441251