Path:1072,552,955,547,94,398,854,93,637,293,627,86,385,302,119,833,498,497,178,39,669,310,337,117,830,308,413,957,591,213,717,587,206,219,332,872,654,991,256,319,981,67,359,12,107,151,44,299,115,74,408,438,297,757,876,697,670,414,1034,853,1080,871,890,741,796,705,323,284,837,935,257,766,563,885,159,254,919,271,877,393,492,1016,896,614,96,735,40,1007,186,190,675,933,571,795,748,69,470,489,203,347,893,528,98,447,576,477,486,505,355,454,313,700,517,865,712,857,410,583,515,243,13,1057,478,535,582,679,234,1037,341,557,156,189,690,1002,785,607,10,395,1069,688,358,281,611,639,233,278,95,986,79,111
Evaluation:0.406102013
Feasible: NO
177676.000000
Seed: 245441251