Path:919,271,877,489,470,735,385,86,115,299,107,151,359,1007,190,186,675,515,583,478,535,243,13,410,498,497,178,310,669,39,865,700,1072,552,454,955,833,398,1037,341,557,395,854,189,1002,156,690,785,607,10,93,637,293,627,74,408,438,297,876,67,69,748,795,571,933,12,44,302,119,94,547,234,679,582,1057,857,712,313,517,337,117,830,254,991,256,319,981,885,563,393,347,896,1016,492,203,614,96,40,414,670,757,697,853,1080,1034,871,890,741,796,323,705,837,284,257,935,766,893,528,159,413,591,957,308,213,717,872,206,219,332,587,654,576,447,355,98,1069,358,688,477,233,278,611,639,95,111,79,281,486,986,505
Evaluation:0.427856253
Feasible: NO
158963.000000
Seed: 245441251