Path:857,515,410,583,243,478,1057,13,535,582,679,234,1037,398,186,190,12,359,151,107,44,299,115,74,408,438,297,757,876,697,670,414,1034,1080,890,871,830,178,498,497,669,310,39,117,337,865,712,1072,700,517,313,454,552,955,833,547,94,119,341,557,156,690,189,1002,785,607,395,854,10,981,271,919,256,319,991,957,308,355,98,688,486,505,281,111,79,358,528,893,766,347,614,896,489,470,748,795,67,492,705,323,284,837,796,741,853,96,40,735,1007,675,933,571,69,203,1016,935,257,563,393,877,885,159,254,413,591,213,1069,986,278,611,95,639,233,477,576,447,654,717,872,587,219,206,332,93,302,385,86,627,637,293
Evaluation:0.423320958
Feasible: NO
168915.000000
Seed: 245441251