Path:10,854,395,93,637,293,627,302,385,86,528,257,284,837,935,893,766,885,563,347,614,492,896,323,705,796,741,890,871,1080,1034,515,478,1057,679,582,547,94,119,398,1037,341,557,607,785,690,156,1002,189,795,748,571,933,190,675,12,359,697,670,414,853,40,735,96,1016,203,489,830,498,410,583,243,535,13,234,833,955,552,454,1072,700,313,876,757,297,438,408,74,115,299,44,151,107,186,1007,67,69,470,319,256,991,413,591,308,213,447,576,865,517,712,857,497,178,39,310,669,117,337,986,79,281,1069,688,358,355,505,95,233,611,639,278,486,111,98,477,654,872,587,219,206,332,717,957,919,271,981,254,159,877,393
Evaluation:0.467702585
Feasible: NO
170778.000000
Seed: 245441251