Path:156,1002,189,690,785,607,395,10,854,986,111,79,233,611,639,95,278,872,587,332,219,206,308,766,893,837,741,890,414,853,675,186,190,933,571,69,67,40,96,1034,1080,735,1007,12,359,107,151,44,299,293,627,637,93,557,341,1037,234,679,535,13,1057,582,398,119,547,955,552,454,313,712,857,39,669,310,117,830,178,497,498,410,583,515,478,243,323,705,284,935,257,796,871,670,697,876,757,438,297,74,115,408,302,385,86,94,833,700,1072,517,865,337,885,159,254,591,413,991,256,957,213,717,654,576,447,477,98,688,281,486,505,1069,355,358,528,563,919,981,319,271,877,393,347,896,492,1016,614,203,489,470,748,795
Evaluation:0.450933057
Feasible: NO
184001.000000
Seed: 245441251