Path:337,117,669,857,256,319,981,919,271,393,347,896,1016,614,96,40,1007,186,675,12,190,933,571,795,748,69,470,67,735,853,359,151,107,44,299,293,627,637,607,785,395,10,1002,189,690,156,557,341,119,94,833,955,552,1072,517,865,712,700,313,454,547,1037,302,385,74,408,438,297,890,284,528,358,98,1069,355,688,477,447,576,654,219,206,332,872,587,717,213,413,991,254,877,489,203,492,871,1080,1034,414,670,697,757,876,115,93,854,86,398,234,582,679,13,478,535,1057,243,515,410,583,498,497,310,39,178,830,741,796,323,705,935,837,257,766,893,563,885,159,591,957,308,486,281,505,79,111,986,95,639,611,278,233
Evaluation:0.435234808
Feasible: NO
169407.000000
Seed: 245441251