Path:478,535,582,679,234,398,1037,86,107,151,12,44,299,115,74,408,302,385,637,293,627,93,1002,189,690,156,607,785,557,341,395,10,854,323,705,796,741,39,178,497,857,712,865,517,700,313,611,95,639,111,281,486,688,98,355,358,477,278,233,986,79,505,1069,748,795,571,933,190,186,675,359,438,297,757,1007,67,69,470,40,735,1080,890,871,1034,414,670,876,697,853,96,614,492,1016,896,203,347,935,284,257,837,454,552,1072,955,833,547,94,119,219,206,332,587,872,717,654,576,447,528,893,766,885,563,393,877,489,271,919,981,254,159,308,957,591,413,991,256,319,213,1057,13,243,583,410,515,498,310,669,337,117,830
Evaluation:0.489720836
Feasible: NO
210262.000000
Seed: 245441251