Path:669,39,310,178,497,857,712,865,517,337,117,830,69,67,1007,190,675,933,186,151,107,299,115,438,297,876,670,871,890,1080,414,1034,96,896,393,877,159,254,591,213,717,654,872,587,332,206,219,13,535,478,243,1057,410,498,515,583,679,582,234,1037,341,557,607,785,690,156,189,1002,854,395,398,119,94,748,795,571,470,489,203,1016,614,492,735,40,853,697,757,359,12,44,408,74,86,385,302,627,637,293,93,10,308,957,413,991,256,981,919,271,319,563,885,766,347,323,741,796,705,284,837,935,257,893,528,358,688,98,1069,355,576,447,547,833,955,552,700,313,1072,454,278,477,233,611,639,95,486,505,281,79,111,986
Evaluation:0.465437744
Feasible: NO
192213.000000
Seed: 245441251