Path:611,95,639,278,233,98,358,528,893,766,347,1016,614,896,492,735,40,203,489,470,69,67,571,795,748,190,186,933,117,337,517,865,712,1072,313,700,955,552,454,654,717,213,447,576,477,688,355,1069,486,281,505,986,79,111,885,563,393,877,159,919,981,271,830,178,583,243,1057,13,535,582,679,234,1037,398,119,94,547,833,96,1034,414,853,1080,741,837,257,935,284,705,323,796,890,871,670,757,438,408,74,115,86,385,302,341,557,156,690,189,1002,607,785,395,854,10,93,637,627,293,299,44,151,107,12,675,1007,359,697,876,297,857,310,39,669,497,498,410,515,478,219,206,332,587,872,256,991,591,319,254,413,308,957
Evaluation:0.457866469
Feasible: NO
169829.000000
Seed: 245441251