Path:795,748,571,67,69,470,40,1007,12,151,44,299,115,408,74,86,385,302,119,833,955,552,700,313,865,337,117,39,669,310,627,293,637,93,854,10,395,785,156,690,189,1002,607,557,341,1037,398,94,547,234,582,679,1057,13,243,478,535,515,583,219,206,332,587,872,254,159,528,893,257,837,284,323,492,1016,489,203,896,614,347,393,885,563,766,935,705,796,741,890,871,1034,1080,414,853,96,735,697,670,757,876,297,438,359,107,186,675,190,933,454,1072,517,712,857,410,498,497,178,830,986,79,111,486,505,355,358,1069,281,95,611,278,639,233,98,688,477,447,576,654,717,213,413,308,957,591,991,256,319,981,919,271,877
Evaluation:0.413682726
Feasible: NO
231523.000000
Seed: 245441251