Path:410,583,515,498,497,178,857,712,865,517,700,313,1072,833,547,119,94,552,955,454,358,98,355,688,447,576,654,213,308,591,413,957,254,885,563,528,893,347,1016,492,614,203,896,323,871,890,741,796,96,67,40,735,1080,853,414,1034,670,697,297,438,74,86,385,302,1002,189,690,156,557,341,398,1037,234,582,679,243,535,1057,13,478,219,206,332,872,587,717,991,919,489,470,69,748,795,830,117,337,669,310,39,278,95,639,611,233,281,486,1069,477,986,79,505,111,571,933,1007,186,675,190,12,151,107,44,359,757,876,299,115,408,627,293,637,93,10,854,395,785,607,705,284,257,837,935,766,393,877,159,271,981,256,319
Evaluation:0.484470922
Feasible: NO
164596.000000
Seed: 245441251