Path:337,117,857,712,865,517,700,313,1072,833,955,552,454,332,219,206,587,872,654,576,447,477,1069,688,355,98,95,639,611,278,233,986,79,111,486,281,505,358,308,957,413,591,717,213,991,256,919,271,885,563,528,935,323,796,741,890,414,1080,1034,853,96,735,40,492,614,896,705,837,284,257,893,766,347,1016,203,67,1007,12,359,297,876,670,871,830,178,39,310,669,497,498,515,243,679,1057,410,583,478,13,535,697,757,438,408,74,115,299,44,151,107,675,186,933,190,571,795,748,69,470,489,877,393,159,254,981,319,627,637,293,10,156,690,557,341,1037,119,94,547,582,234,398,302,385,86,93,854,395,607,785,1002,189
Evaluation:0.421415016
Feasible: NO
167719.000000
Seed: 245441251