Path:748,795,571,933,190,186,675,12,299,115,86,385,302,637,627,293,93,10,611,95,233,278,639,986,111,79,281,486,505,1069,358,98,355,688,477,576,447,654,872,587,332,206,219,408,74,44,151,107,359,1007,735,40,853,1080,1034,871,890,414,670,697,337,117,310,39,669,857,712,515,583,410,498,497,178,830,254,159,393,877,885,563,528,893,766,347,614,203,1016,896,492,323,705,935,257,284,837,796,741,96,67,69,470,489,919,271,981,319,256,991,413,591,957,308,213,717,854,395,607,785,1002,189,690,156,557,341,1037,582,679,13,1057,535,243,478,833,1072,517,865,313,700,454,552,955,547,94,119,398,234,438,876,757,297
Evaluation:0.437941480
Feasible: NO
200350.000000
Seed: 245441251