Path:293,627,637,93,854,10,1002,189,690,156,557,785,607,341,395,919,981,271,319,254,159,885,393,877,203,1016,347,893,766,935,837,257,528,563,489,470,69,67,571,933,186,675,1007,40,735,741,796,323,284,705,890,871,414,670,757,297,359,151,107,190,748,795,486,281,505,1069,355,98,358,688,477,611,639,95,278,233,986,111,79,576,447,654,308,957,591,413,991,256,213,717,332,206,219,587,872,833,955,552,454,1072,700,313,517,712,857,865,337,117,830,12,44,299,115,408,302,119,1037,398,582,478,243,515,178,39,669,310,497,498,410,583,1057,535,13,679,234,547,94,385,86,74,438,876,697,853,1034,1080,96,896,614,492
Evaluation:0.443101943
Feasible: NO
182084.000000
Seed: 245441251