Path:1080,1034,853,735,40,69,470,67,1007,190,675,299,115,74,757,697,876,297,454,700,313,517,865,337,95,611,233,639,515,243,478,13,535,679,582,234,398,395,854,10,1002,189,690,557,341,1037,547,955,552,1072,712,857,748,795,571,933,186,44,151,359,12,107,830,117,669,310,498,497,178,39,410,583,1057,833,94,119,302,93,607,785,156,281,111,935,284,890,871,414,670,438,408,86,385,293,627,637,741,796,96,896,203,489,319,213,587,872,206,219,332,576,447,355,688,358,1069,477,278,505,79,986,486,98,654,717,991,256,919,981,271,877,393,563,885,159,254,591,308,957,413,528,893,766,347,1016,614,492,323,705,837,257
Evaluation:0.532346296
Feasible: NO
162905.000000
Seed: 245441251