Path:890,871,414,670,697,757,876,297,438,408,302,10,854,1002,189,690,156,557,341,86,115,299,44,359,151,107,12,190,933,358,355,486,986,505,281,98,79,111,688,528,893,766,347,393,877,256,981,271,919,991,319,159,254,957,413,308,591,213,717,576,654,587,219,206,872,332,795,748,571,1007,186,675,517,1072,700,313,865,712,857,117,337,310,498,515,583,478,535,582,679,234,243,13,1057,410,39,669,497,178,830,323,741,796,705,837,284,257,935,785,607,395,93,627,637,385,293,74,853,1034,1080,492,1016,614,896,96,40,735,67,69,470,489,203,563,885,447,477,1069,278,233,95,639,611,398,1037,119,94,547,833,955,552,454
Evaluation:0.486530026
Feasible: NO
161825.000000
Seed: 245441251