Path:986,111,79,486,281,505,278,611,233,95,639,688,355,528,896,1007,675,299,302,385,86,627,637,93,10,854,395,785,607,1002,189,690,156,557,341,319,413,308,957,591,254,159,885,563,393,877,347,893,837,935,257,284,323,705,796,741,890,492,614,203,489,470,69,748,795,359,12,151,293,398,1037,119,94,547,582,679,234,833,1072,955,552,313,865,337,117,830,213,717,991,256,981,919,271,454,700,517,712,857,410,1057,13,478,243,535,515,583,498,178,497,310,669,39,871,670,853,1080,1034,414,697,757,876,297,438,408,74,115,44,107,190,186,933,571,67,40,735,96,1016,766,358,1069,98,477,447,576,654,872,587,332,219,206
Evaluation:0.450277185
Feasible: NO
192072.000000
Seed: 245441251