Path:1002,189,854,395,93,637,627,293,86,385,299,44,151,795,748,186,107,12,359,438,297,757,876,697,670,1080,830,178,39,669,310,337,117,497,498,582,679,234,1037,341,557,156,690,785,607,10,302,119,398,94,547,833,1057,535,478,13,243,515,583,410,857,712,865,517,700,1072,313,454,955,552,278,611,639,233,95,486,986,111,79,505,281,477,98,1069,688,308,413,254,981,919,470,69,571,933,675,190,1007,67,203,896,492,1016,489,271,991,256,319,591,957,717,213,115,74,408,219,206,332,587,872,654,576,447,355,358,528,257,837,935,284,705,323,741,796,871,890,414,1034,853,40,735,96,614,347,893,766,563,885,159,393,877
Evaluation:0.439110093
Feasible: NO
183639.000000
Seed: 245441251