Path:583,515,410,243,1057,13,478,535,679,582,234,833,547,94,119,398,748,795,186,1007,67,470,69,571,933,190,675,12,107,151,44,115,299,359,414,1034,1080,853,735,40,96,614,896,1016,347,885,563,308,591,957,213,717,654,447,576,477,1069,688,98,355,233,639,278,611,95,93,302,385,86,637,627,293,74,408,438,297,757,876,697,670,189,690,156,1002,10,854,395,607,785,557,341,1037,712,857,498,497,178,39,669,310,337,79,986,111,281,505,486,358,700,313,454,552,1072,955,517,865,117,830,837,284,257,935,528,877,393,489,203,492,741,796,871,890,323,705,766,893,159,254,319,256,991,271,919,981,413,872,587,332,206,219
Evaluation:0.464473380
Feasible: NO
179840.000000
Seed: 245441251