Path:332,206,219,587,872,717,654,447,576,505,281,79,111,486,986,611,639,95,233,278,477,688,1069,98,355,358,528,893,766,271,919,489,203,492,1034,1080,890,414,853,67,69,470,795,748,571,933,190,186,1007,670,871,796,741,323,705,284,935,257,837,830,117,337,497,498,583,410,13,1057,478,398,607,395,854,93,10,627,44,151,12,675,359,735,40,96,1016,614,896,347,885,159,254,991,319,981,256,213,957,308,413,591,563,393,877,189,690,156,1002,785,86,94,547,517,865,454,313,700,1072,955,552,234,1037,557,341,582,679,535,243,515,178,39,310,669,857,712,833,119,302,385,637,293,299,107,115,74,408,438,297,876,757,697
Evaluation:0.452761532
Feasible: NO
193902.000000
Seed: 245441476