Path:189,1002,690,156,785,607,395,10,627,293,637,896,492,1016,766,893,323,890,297,438,876,670,414,853,1034,871,705,796,741,1080,697,757,359,12,190,933,675,186,748,795,571,67,69,470,489,877,393,563,885,159,271,919,254,991,256,981,319,413,308,213,355,505,986,111,79,233,278,611,95,639,119,94,547,833,955,552,700,454,1072,313,517,865,712,857,39,178,497,498,583,515,410,1057,478,13,243,535,582,679,234,1037,398,341,557,854,93,302,385,86,74,408,115,299,44,151,107,1007,735,40,96,614,203,347,591,957,717,587,872,332,219,206,654,447,576,477,486,281,688,98,1069,358,528,257,935,284,837,310,669,337,117,830
Evaluation:0.413102846
Feasible: NO
181630.000000
Seed: 245441251