Path:654,447,576,477,98,355,358,854,10,93,637,627,293,302,385,74,408,438,297,757,876,670,871,830,178,39,669,310,688,281,486,1069,505,79,111,986,95,611,639,278,233,955,552,454,1072,13,243,583,410,515,498,497,857,712,700,313,517,865,337,117,981,919,271,319,256,885,563,393,877,766,893,347,489,470,69,748,795,571,933,107,44,151,12,190,675,186,1007,67,40,735,96,896,614,203,492,1016,395,607,1002,189,156,690,785,557,341,1037,398,119,94,833,219,206,332,872,587,717,213,413,991,957,308,591,254,159,528,935,257,837,284,705,323,741,796,890,1034,414,1080,853,697,359,299,115,86,547,234,679,582,478,1057,535
Evaluation:0.484780628
Feasible: NO
222911.000000
Seed: 245441251