Path:981,919,271,591,547,94,119,398,1037,341,557,607,785,156,690,189,1002,395,10,854,93,627,293,637,302,385,86,74,408,697,853,414,871,1080,896,1016,323,284,837,935,257,705,796,890,670,438,297,757,876,359,107,44,151,115,299,552,955,454,865,517,313,700,1072,833,234,582,679,13,1057,478,535,243,515,410,583,498,830,489,203,492,735,40,337,117,857,712,497,178,669,310,39,986,79,281,111,278,233,639,95,611,486,505,355,98,1069,688,358,477,447,576,654,872,587,206,219,332,717,213,308,991,256,319,470,69,67,571,795,748,1007,1034,741,347,766,563,885,393,877,159,254,957,413,528,893,614,96,190,12,675,186,933
Evaluation:0.468930649
Feasible: NO
173970.000000
Seed: 245441251