Path:243,1057,535,13,478,857,865,517,313,1072,700,454,552,955,833,547,94,119,341,557,785,690,1002,156,189,639,278,95,611,233,111,986,79,486,477,576,447,654,872,587,219,206,332,159,877,203,470,69,67,40,735,492,1016,347,766,893,528,358,688,505,281,1069,98,355,717,213,308,957,413,591,991,256,319,271,919,981,254,563,885,393,489,614,896,323,284,837,935,257,705,796,741,890,871,670,414,1034,1080,96,853,697,359,190,933,571,748,795,186,675,1007,830,117,337,712,679,582,234,398,1037,302,385,86,93,10,854,395,607,637,627,293,74,408,757,876,438,297,107,12,151,44,299,115,497,310,669,39,178,515,583,410,498
Evaluation:0.410434304
Feasible: NO
224981.000000
Seed: 245441251