Path:1080,853,1034,96,735,40,470,69,571,557,607,785,156,690,189,1002,854,10,93,395,341,1037,398,119,547,833,1072,700,955,552,454,313,517,865,712,857,410,243,13,478,1057,535,679,582,234,94,871,890,414,670,697,830,117,337,669,310,39,178,497,498,515,583,438,757,876,297,359,151,107,44,299,74,408,115,627,637,293,302,385,86,219,587,872,206,332,919,159,893,766,257,284,935,837,705,796,741,323,347,896,492,614,1016,563,254,413,111,79,505,281,486,986,639,95,233,611,278,654,271,981,319,256,991,591,308,957,213,717,576,447,477,1069,688,355,98,358,528,885,393,877,203,489,67,1007,12,675,933,186,190,748,795
Evaluation:0.453818507
Feasible: NO
156777.000000
Seed: 245441251