Path:830,178,669,310,39,857,865,1072,517,700,313,955,552,454,278,611,95,639,233,986,486,358,355,528,935,284,837,257,766,893,347,896,614,492,489,470,69,571,67,40,735,853,414,871,890,741,796,705,323,393,563,885,717,332,219,206,587,872,654,576,447,98,688,477,1069,505,281,79,111,498,497,117,337,712,833,547,94,119,398,341,557,156,690,189,1002,607,785,395,10,854,93,637,293,627,213,308,413,957,591,991,256,319,271,919,981,254,159,877,203,1016,96,1080,1034,670,697,757,408,74,86,385,302,1037,234,679,582,1057,478,13,535,243,583,410,515,359,12,151,107,44,299,115,438,876,297,1007,933,190,675,186,795,748
Evaluation:0.429648473
Feasible: NO
200666.000000
Seed: 245441251