Path:669,310,39,410,857,712,515,498,178,497,583,243,535,1057,13,478,582,234,679,833,547,94,398,1037,119,256,319,271,919,981,254,159,885,893,766,935,323,741,1080,1034,871,890,414,853,697,670,876,757,438,297,359,1007,190,186,748,795,571,933,675,12,107,44,299,637,854,395,93,302,385,86,115,74,408,454,313,955,552,700,1072,517,865,337,117,830,796,705,284,837,257,96,896,492,40,735,470,69,67,151,293,627,10,1002,189,156,690,607,785,557,341,614,203,489,347,1016,877,393,563,528,358,281,505,986,233,95,611,639,278,1069,486,111,79,98,477,688,355,447,576,654,957,308,591,413,991,213,717,872,206,219,332,587
Evaluation:0.438095259
Feasible: NO
178632.000000
Seed: 245441251