Path:219,206,332,872,587,991,254,159,393,877,885,563,591,413,919,271,319,981,256,957,308,213,717,654,447,576,477,233,278,95,611,639,111,79,986,281,486,505,355,98,1069,688,358,528,893,766,347,489,470,69,67,571,795,748,1007,933,190,186,675,12,107,151,293,627,637,93,854,10,785,607,341,94,547,535,583,243,478,1057,833,398,119,395,557,156,690,1002,189,438,297,876,757,670,871,890,741,796,96,614,1016,203,515,13,679,582,234,1037,302,385,86,74,408,115,299,44,359,697,414,1080,1034,853,735,40,896,492,454,700,1072,955,552,313,517,865,712,857,410,498,497,310,117,337,669,39,178,830,257,837,284,705,935,323
Evaluation:0.437433443
Feasible: NO
200724.000000
Seed: 245441465