Path:293,627,637,854,395,156,557,341,1037,398,119,94,234,679,582,13,243,478,535,1057,515,583,871,890,414,670,876,438,408,302,93,785,607,690,189,1002,10,385,86,74,115,299,44,107,151,1007,853,1034,741,796,323,705,284,837,935,257,766,885,271,319,717,872,206,219,332,587,654,528,893,830,178,39,310,117,337,669,857,712,410,498,497,611,95,281,1069,486,505,986,278,233,639,111,79,98,355,358,688,477,576,447,213,957,308,547,833,552,955,865,517,700,313,454,1072,748,795,571,933,69,470,735,40,96,1080,697,757,297,359,12,190,675,186,67,489,203,896,492,614,1016,347,877,393,563,981,919,991,256,591,413,254,159
Evaluation:0.480260220
Feasible: NO
163803.000000
Seed: 245441251