Path:219,206,332,587,872,413,591,319,991,256,981,919,271,877,393,489,203,614,492,896,1016,347,766,893,528,358,355,98,1069,688,281,505,486,79,111,986,611,95,639,278,233,477,447,576,654,717,213,308,957,254,159,885,563,257,935,837,284,705,323,741,796,890,871,1034,414,670,697,757,438,297,876,853,1080,96,735,40,67,69,470,795,748,571,933,186,1007,190,675,359,12,107,151,44,299,115,74,408,302,385,86,293,627,637,93,10,854,395,785,607,1002,189,690,156,557,341,1037,398,119,94,547,833,955,313,700,454,552,1072,517,865,712,857,410,583,478,1057,243,13,535,679,234,582,515,498,497,178,39,669,310,337,117,830
Evaluation:0.283035515
Feasible: YES
110529.000000
Seed: 675458998