Path:748,795,571,933,67,69,470,489,203,877,393,355,1069,611,233,278,639,95,986,111,79,281,486,505,358,528,893,766,257,935,284,837,705,323,796,1080,1034,853,735,492,614,896,1016,347,563,885,159,254,981,271,919,256,319,991,717,830,117,337,310,669,39,178,497,498,515,243,478,535,591,308,957,413,213,576,679,234,1037,119,94,547,833,955,552,454,700,313,1072,517,865,712,857,410,583,13,1057,582,398,86,385,302,299,44,107,151,359,12,190,186,675,1007,40,96,741,890,871,414,670,697,757,876,297,438,408,74,115,627,293,637,93,10,854,395,607,785,1002,189,690,156,557,341,688,98,477,447,654,587,872,332,219,206
Evaluation:0.415879317
Feasible: NO
190439.000000
Seed: 245441251