Path:1007,359,297,438,408,74,293,627,637,854,395,10,93,302,385,86,115,299,44,151,107,12,190,675,186,933,278,639,79,111,281,505,611,95,233,986,486,1069,358,688,477,576,654,872,587,219,206,332,830,117,337,517,865,857,497,178,39,669,310,748,795,571,470,69,67,492,896,96,735,40,853,697,876,757,670,414,1080,1034,871,890,741,796,705,323,935,284,837,257,766,893,347,1016,614,203,489,393,877,159,413,591,308,957,213,447,355,98,717,991,256,981,319,271,919,254,563,885,528,156,690,189,1002,607,785,557,341,1037,398,119,94,547,833,582,234,679,535,478,1057,243,13,583,410,498,515,712,1072,552,454,313,700,955
Evaluation:0.407536910
Feasible: NO
218106.000000
Seed: 245441251