Path:489,203,614,896,347,1016,492,871,890,741,796,705,323,284,257,935,837,766,893,563,885,393,877,271,981,319,991,919,857,712,865,517,1072,313,700,955,552,454,528,159,591,256,254,413,308,957,213,717,872,587,332,219,206,86,74,115,299,151,1007,67,470,69,96,40,735,853,697,830,117,337,310,669,39,13,478,582,679,234,1037,398,341,557,156,189,1002,690,785,607,395,10,854,93,293,627,637,385,302,408,876,757,670,414,1034,1080,438,297,359,44,107,12,675,186,190,933,571,795,748,654,447,576,688,355,505,79,111,986,95,611,233,639,278,486,1069,281,477,98,358,498,178,497,583,410,515,243,1057,535,833,547,94,119
Evaluation:0.466384375
Feasible: NO
163613.000000
Seed: 245441476