Path:219,206,332,587,74,408,302,385,86,637,293,627,10,1002,347,896,1016,614,877,393,159,413,308,957,591,254,319,991,213,717,872,654,576,447,477,688,358,528,893,766,492,40,735,748,795,571,933,186,190,675,454,955,552,1072,700,313,517,865,712,256,981,271,919,96,1080,1034,853,359,44,107,115,299,151,12,1007,67,69,470,489,203,563,885,355,505,79,111,986,639,233,611,95,278,486,281,1069,98,935,837,284,257,705,323,741,796,871,890,414,670,697,757,876,297,438,337,117,669,310,497,178,39,857,515,478,1057,535,13,234,398,1037,854,93,395,785,607,189,690,156,557,341,119,94,547,833,582,679,243,583,410,498,830
Evaluation:0.474894341
Feasible: NO
160972.000000
Seed: 245441476