Path:438,408,74,44,107,151,12,675,190,186,933,313,517,865,712,1072,219,206,332,587,654,576,447,679,582,234,1037,341,557,156,189,690,607,1002,785,119,547,833,955,552,700,454,284,837,79,111,986,278,233,611,639,95,281,505,486,355,98,688,1069,477,358,528,563,885,393,347,1016,896,492,67,69,470,571,748,795,337,117,857,410,178,497,310,669,39,583,13,478,535,1057,243,515,498,830,872,717,213,308,957,591,413,319,256,991,919,271,981,254,159,877,489,203,614,96,1080,741,890,871,1034,414,853,670,757,876,297,697,735,40,1007,359,115,299,293,627,637,854,10,395,93,302,385,86,398,94,796,323,705,257,935,893,766
Evaluation:0.503759316
Feasible: NO
211156.000000
Seed: 245441509