Path:413,528,893,766,935,257,284,837,323,705,796,741,890,871,876,757,297,438,408,74,627,854,395,607,785,341,278,477,1069,355,358,688,98,486,79,111,281,505,986,233,95,639,611,830,178,39,310,669,497,857,478,243,833,547,94,119,398,1037,302,385,86,115,44,151,190,675,12,359,697,670,414,1034,1080,853,735,40,96,896,492,1016,614,347,563,885,159,254,991,256,981,591,957,308,213,717,447,576,654,872,587,332,219,206,117,337,865,712,700,313,1072,517,955,552,454,919,271,319,877,393,489,203,470,69,67,795,748,571,933,186,1007,107,299,293,637,93,10,1002,189,690,156,557,234,582,679,13,535,1057,515,498,583,410
Evaluation:0.429143583
Feasible: NO
199552.000000
Seed: 245441251