Path:454,700,517,865,337,117,830,796,837,284,705,323,896,492,470,69,67,735,40,96,853,1034,414,1080,741,890,871,670,757,876,438,408,74,115,151,12,1007,190,186,675,107,44,359,297,697,410,515,1057,478,13,535,582,679,234,877,393,159,981,919,271,319,256,991,254,347,614,1016,203,489,627,293,637,93,854,10,935,257,528,893,766,563,885,591,957,413,308,213,717,447,355,1069,688,281,505,486,79,111,986,233,278,611,95,639,1072,552,955,833,119,398,1037,341,395,607,557,785,156,690,189,1002,358,98,477,576,654,872,587,206,332,219,313,712,857,39,669,310,178,497,498,583,243,547,94,86,385,302,299,933,571,795,748
Evaluation:0.511180649
Feasible: NO
164797.000000
Seed: 245441251