Path:478,1057,535,243,515,583,857,712,865,1072,313,517,700,552,955,454,271,919,981,319,256,591,991,254,213,717,957,308,413,582,234,679,408,74,115,299,44,151,107,190,186,675,12,933,1007,359,697,853,871,1080,1034,414,670,876,757,297,438,10,854,341,557,690,189,1002,785,156,607,395,93,627,637,302,385,86,293,611,278,111,986,79,486,281,505,688,98,1069,355,206,219,332,587,872,654,447,358,528,885,563,893,766,347,257,284,837,935,705,323,741,796,890,40,735,96,614,1016,896,492,203,489,877,393,159,576,477,233,639,95,94,119,398,1037,547,833,13,410,498,497,178,39,669,310,337,117,830,69,470,67,571,795,748
Evaluation:0.479354199
Feasible: NO
174774.000000
Seed: 245441251