Path:159,919,981,271,877,489,69,748,795,571,933,12,107,151,44,299,115,93,854,10,395,607,785,1002,189,690,156,557,341,1037,398,119,94,547,833,1072,865,712,857,410,497,178,39,669,310,117,337,79,281,505,486,111,986,233,611,278,95,639,234,582,679,535,13,478,243,1057,583,515,498,830,853,414,1034,670,697,876,757,297,438,74,86,385,302,627,637,293,408,359,675,190,186,1007,67,470,40,735,96,1080,871,890,741,796,705,323,896,614,203,1016,492,517,700,313,552,955,454,576,447,213,717,587,872,332,206,219,654,477,688,355,1069,98,358,308,957,413,591,319,256,991,254,528,935,257,837,284,347,393,885,563,766,893
Evaluation:0.444264013
Feasible: NO
223139.000000
Seed: 245441476