Path:639,986,79,111,486,688,355,1069,98,358,528,885,563,893,766,935,257,837,284,705,796,890,697,757,408,74,115,86,385,119,955,552,313,1072,454,700,517,865,712,857,497,310,669,39,337,117,871,414,853,1034,40,735,492,896,96,67,1057,535,515,583,410,498,178,830,919,981,254,256,319,991,213,308,957,413,591,587,872,332,219,206,654,717,271,393,489,470,69,571,748,795,186,933,675,190,1007,359,44,299,151,107,12,611,95,233,278,505,281,477,447,576,159,877,347,1016,614,203,323,741,1080,670,876,297,438,94,547,833,13,243,478,582,679,234,398,1037,395,854,627,293,637,302,93,10,1002,189,156,690,785,607,557,341
Evaluation:0.478136482
Feasible: NO
162879.000000
Seed: 245441251