Path:186,190,933,571,795,748,69,470,337,117,669,39,178,830,256,991,319,981,919,271,413,872,206,219,332,587,957,591,254,159,877,393,347,489,203,896,492,614,1016,96,67,735,40,697,408,74,115,151,299,293,627,637,785,607,557,156,690,1002,189,257,935,837,284,705,323,741,796,871,890,1034,414,1080,853,670,757,876,438,297,359,1007,675,12,107,44,302,385,86,93,10,854,395,341,1037,398,119,94,111,79,505,281,486,355,688,358,98,1069,611,278,639,233,95,986,13,478,243,535,515,498,410,583,1057,582,679,234,547,833,955,454,552,313,700,1072,517,865,712,857,310,497,477,447,576,654,717,213,308,885,563,766,893,528
Evaluation:0.467915627
Feasible: NO
181370.000000
Seed: 245441251