Path:1002,189,690,156,557,785,607,93,302,385,86,637,627,293,74,359,675,186,1007,67,489,877,159,308,355,986,278,639,233,854,10,395,341,1037,398,119,94,547,833,955,552,454,700,313,517,865,337,117,669,310,39,178,497,583,410,857,712,1072,935,837,284,705,890,871,1034,853,1080,414,670,876,408,115,299,44,151,107,12,190,933,571,795,748,69,470,919,271,332,206,219,654,576,447,477,98,79,111,281,505,486,95,611,438,297,757,697,741,257,766,893,528,358,1069,688,830,498,515,13,1057,478,243,535,582,234,679,872,587,717,213,957,591,413,991,256,981,319,254,885,563,393,347,896,203,614,1016,492,735,40,96,796,323
Evaluation:0.461648652
Feasible: NO
170005.000000
Seed: 245441251