Path:857,712,865,517,1072,454,313,700,552,955,833,547,94,119,1037,341,10,854,93,86,408,438,757,876,697,670,414,890,871,796,741,323,837,284,257,935,705,1034,1080,853,96,735,492,614,896,1016,203,489,347,893,766,885,563,393,877,271,919,981,159,319,256,13,478,243,535,679,582,234,398,637,627,293,302,385,74,297,40,470,69,67,571,795,748,1007,359,107,115,299,44,151,12,675,190,186,933,830,178,39,1057,410,583,515,498,669,117,337,310,497,611,278,639,233,95,986,79,281,447,576,688,111,505,486,355,98,1069,477,358,528,213,717,654,219,206,872,587,332,957,308,991,254,413,591,156,395,607,557,785,1002,189,690
Evaluation:0.457127925
Feasible: NO
174333.000000
Seed: 245441476