Path:857,865,517,313,454,547,535,243,1057,478,13,583,515,410,498,497,310,178,830,186,675,12,359,107,151,44,299,115,74,408,438,297,757,876,697,492,489,919,271,981,319,219,206,332,587,872,654,717,213,413,591,957,256,991,254,159,885,563,347,284,837,257,935,705,323,741,796,670,1007,190,933,571,795,748,470,69,67,735,40,1080,1034,414,871,890,853,96,614,203,896,1016,393,877,308,576,447,477,233,639,278,611,341,557,785,690,156,189,1002,607,395,854,10,93,637,293,627,86,385,302,119,1037,398,94,234,679,582,833,955,552,700,1072,712,337,117,39,669,766,893,528,358,355,688,98,1069,505,79,486,281,111,986,95
Evaluation:0.405862547
Feasible: NO
186654.000000
Seed: 245441251