Path:854,93,10,395,607,341,557,785,156,690,189,1002,477,281,79,358,528,935,257,837,705,796,741,876,115,86,385,302,627,637,293,299,74,408,438,297,757,670,414,1034,1080,871,890,323,284,766,893,877,393,563,413,957,308,991,256,319,271,919,981,159,254,700,552,955,1072,517,933,190,186,675,12,107,151,44,359,697,853,96,1016,614,203,489,470,748,795,95,639,278,233,611,986,111,486,355,654,872,587,332,206,219,830,178,39,310,669,117,337,865,712,857,497,498,410,583,515,13,1057,478,243,535,582,679,234,1037,398,119,94,547,833,313,454,505,688,1069,98,576,447,213,717,591,885,347,896,492,40,735,67,69,571,1007
Evaluation:0.477260195
Feasible: NO
185648.000000
Seed: 245441251