Path:337,865,700,313,517,712,857,44,107,151,186,675,190,1007,735,896,492,323,705,837,935,257,284,796,741,890,871,697,359,12,933,571,748,795,67,853,414,1034,1080,40,96,614,203,1016,347,563,885,766,893,528,358,355,688,1069,98,111,79,986,95,611,233,278,639,505,486,281,243,478,1057,13,535,679,582,94,119,302,385,86,637,627,293,299,115,74,408,438,297,757,876,670,117,310,39,669,515,583,410,498,497,178,830,69,470,489,393,877,159,254,981,919,271,319,256,991,413,957,591,308,213,717,587,332,219,206,872,654,447,576,477,690,156,189,1002,10,93,854,395,607,785,557,341,1037,398,234,547,833,955,454,552,1072
Evaluation:0.438821302
Feasible: NO
193811.000000
Seed: 245441251