Path:117,337,865,517,313,1072,552,700,454,955,535,234,398,1037,341,557,785,690,156,189,1002,607,395,10,854,93,96,896,766,893,528,358,1069,355,688,98,486,505,281,986,79,111,278,233,639,611,95,477,447,576,654,830,178,39,310,669,497,498,515,583,13,206,219,332,587,872,717,213,308,991,319,256,591,413,957,254,981,919,271,159,885,563,393,877,347,257,837,935,284,323,705,796,741,1034,40,735,1080,890,871,670,414,853,697,757,876,297,438,359,1007,190,186,675,12,151,115,74,408,302,119,582,679,1057,478,243,410,857,712,833,547,94,385,86,637,627,293,299,44,107,933,571,748,795,67,489,203,1016,614,492,470,69
Evaluation:0.408072604
Feasible: NO
222233.000000
Seed: 245441251