Path:690,189,1002,395,93,86,115,74,408,385,637,627,293,854,10,607,785,156,557,341,1037,234,582,679,535,1057,712,955,552,833,547,94,398,119,302,299,359,697,853,1080,1034,741,796,705,284,837,935,893,528,254,991,591,717,872,587,332,219,206,654,477,576,447,213,308,413,957,256,319,159,885,563,347,766,257,323,203,489,393,877,271,981,919,830,117,337,39,310,497,498,410,515,478,243,13,583,614,896,492,1016,96,735,40,67,69,470,571,795,748,454,700,313,517,1072,933,186,675,190,1007,12,107,44,151,1069,358,486,355,98,688,505,986,111,79,281,233,278,639,95,611,865,857,178,669,297,438,876,757,670,871,414,890
Evaluation:0.511844907
Feasible: NO
184971.000000
Seed: 245441251