Path:865,1072,313,517,700,44,151,107,12,1007,675,186,190,933,571,795,748,470,69,67,414,871,670,697,757,876,297,438,359,299,115,408,74,293,627,637,93,395,1002,156,690,189,10,854,86,385,302,528,893,766,284,323,1016,614,896,489,203,454,552,833,547,94,119,398,1037,234,679,582,535,1057,243,478,13,583,515,410,256,319,981,254,159,885,563,393,877,347,830,117,337,669,310,39,178,497,498,857,712,955,611,278,233,95,639,98,477,332,206,219,587,872,576,447,358,355,281,986,111,79,505,486,1069,688,654,717,213,591,413,957,308,991,271,919,341,607,785,557,492,40,735,96,1080,1034,853,890,741,796,705,837,257,935
Evaluation:0.504818067
Feasible: NO
159395.000000
Seed: 245441251