Path:830,117,337,669,310,39,178,497,498,410,583,857,115,74,408,438,297,757,876,670,697,1002,690,189,156,557,341,94,547,833,213,717,576,447,654,872,587,206,219,332,86,385,302,637,293,627,93,854,10,785,607,395,119,398,1037,234,582,679,535,13,243,478,1057,515,766,893,528,358,355,98,688,477,1069,281,505,486,111,986,79,639,278,233,611,95,712,865,517,313,1072,700,955,552,454,256,319,991,919,885,563,393,347,871,414,853,1034,1080,890,741,796,705,284,837,257,935,323,896,1016,492,614,96,735,40,67,795,748,190,186,675,12,107,44,299,151,359,1007,933,571,69,470,489,203,877,159,591,308,413,957,254,981,271
Evaluation:0.468857512
Feasible: NO
196417.000000
Seed: 245441251