Path:393,877,885,159,254,591,981,919,271,319,991,256,830,117,337,712,552,454,865,857,497,178,39,669,310,95,611,639,233,278,477,281,986,79,505,111,486,355,582,679,234,398,1037,119,341,557,785,156,690,607,395,854,10,1002,189,96,1080,890,853,871,670,757,408,115,86,94,547,833,955,700,1072,313,517,498,515,410,583,1057,243,478,535,13,40,735,492,1016,896,614,347,323,705,796,741,1034,414,697,876,297,438,74,293,627,637,93,302,385,299,44,12,107,151,359,1007,186,675,190,933,571,748,795,470,69,67,489,203,563,893,766,257,935,837,284,528,358,1069,688,98,576,654,447,308,413,957,213,717,587,872,206,219,332
Evaluation:0.464375417
Feasible: NO
219969.000000
Seed: 245441465