Path:95,611,233,278,639,986,111,477,98,688,358,528,257,935,837,284,705,323,796,741,890,871,414,1034,1080,347,893,766,563,885,393,614,1016,896,492,67,795,748,186,190,1007,735,40,96,853,697,670,757,876,297,438,408,86,385,302,93,10,1002,189,690,156,557,785,607,341,395,854,637,627,293,74,115,299,44,151,107,675,12,359,582,679,234,535,1057,243,13,478,583,39,178,830,117,337,310,669,497,498,515,410,857,712,865,517,700,1072,313,454,552,955,833,547,94,119,398,1037,991,256,319,981,591,308,159,254,957,413,213,717,587,872,332,206,219,933,571,69,470,203,489,877,271,919,654,576,447,355,1069,281,486,505,79
Evaluation:0.402166371
Feasible: NO
173690.000000
Seed: 245441251