Path:872,587,206,219,332,243,13,535,1057,582,679,234,547,94,398,1037,341,189,690,557,156,785,607,395,10,1002,896,203,489,614,96,1080,853,697,670,876,757,297,438,408,74,627,637,293,302,93,854,355,1069,688,576,654,717,308,159,877,40,735,186,190,675,12,107,151,44,359,1007,67,69,470,795,748,571,933,299,115,86,385,119,833,955,552,454,700,1072,313,517,865,712,410,498,583,515,478,919,981,256,957,254,563,885,766,347,1016,492,323,705,796,741,414,1034,890,871,284,837,257,935,528,893,393,271,319,991,591,413,213,447,98,358,477,95,611,639,278,233,281,505,486,111,986,79,830,178,497,857,39,669,310,337,117
Evaluation:0.476641992
Feasible: NO
195542.000000
Seed: 245441251