Path:271,919,159,254,981,256,319,454,313,700,517,865,337,117,571,933,186,190,1007,670,1034,414,1080,871,890,741,796,323,705,358,355,688,98,1069,281,505,486,111,79,528,893,766,257,935,284,837,347,203,614,492,1016,896,96,40,735,853,697,757,876,438,297,74,408,359,44,151,12,675,107,299,115,86,385,302,627,293,637,93,854,10,1002,189,607,395,95,611,233,278,639,986,477,447,576,830,498,310,669,39,178,497,410,243,478,535,582,679,234,1037,690,156,785,557,341,398,119,94,547,833,1057,13,515,583,857,712,1072,955,552,748,795,67,69,470,489,877,393,885,563,654,587,219,206,332,872,717,213,308,413,957,591,991
Evaluation:0.458611195
Feasible: NO
181513.000000
Seed: 245441251