Path:785,607,395,854,302,385,86,74,408,151,190,571,795,748,69,470,67,735,40,1080,890,741,796,705,284,323,871,1034,414,670,757,876,697,853,96,614,492,489,877,393,563,885,254,159,766,893,528,358,688,98,355,1069,505,111,79,486,281,986,278,611,233,639,95,830,498,410,515,13,478,243,583,865,337,117,310,669,39,178,497,857,712,517,1072,313,454,955,700,552,833,547,94,119,398,234,582,1057,535,679,1037,341,557,156,690,189,1002,10,93,637,293,627,115,299,44,107,12,675,186,933,1007,359,297,438,219,206,332,872,587,654,447,477,576,717,213,957,413,308,591,991,256,319,981,919,271,203,1016,896,347,257,935,837
Evaluation:0.382860319
Feasible: NO
183197.000000
Seed: 245441251