Path:189,690,156,557,341,1037,398,119,94,547,833,234,679,582,1057,535,478,13,243,410,498,515,583,1072,552,955,454,757,876,670,414,1034,853,1080,890,871,284,935,358,688,505,79,111,986,281,486,355,528,893,766,257,705,796,741,492,896,96,735,40,67,1007,39,178,669,497,310,857,712,313,700,517,865,337,117,830,611,95,639,233,278,477,98,1069,837,323,1016,614,203,347,393,877,271,919,981,256,991,319,717,872,206,219,332,587,654,576,447,213,957,413,308,591,254,159,885,563,489,470,69,748,795,571,933,190,186,675,107,44,299,115,86,293,627,637,1002,607,785,395,854,10,93,302,385,74,408,151,12,359,697,297,438
Evaluation:0.418000636
Feasible: NO
209785.000000
Seed: 245441465