Path:563,885,528,893,766,347,896,614,1016,492,40,735,96,741,323,705,257,935,837,284,796,1080,414,853,1034,890,871,670,697,757,876,297,438,359,675,12,830,178,497,310,39,669,117,337,865,857,712,94,119,341,557,785,10,854,1002,189,156,690,607,395,93,293,627,637,302,385,86,74,408,115,299,151,44,107,186,795,748,571,933,190,1007,67,69,470,203,489,393,877,159,254,319,271,981,919,991,256,591,413,957,308,213,717,515,498,410,583,1057,243,478,13,535,95,278,233,639,611,111,505,79,986,281,688,355,576,654,872,206,219,332,587,447,477,1069,98,486,358,398,1037,679,582,234,547,833,955,552,700,313,517,1072,454
Evaluation:0.409883151
Feasible: NO
179462.000000
Seed: 245441251