Path:119,94,1072,857,39,178,830,206,219,332,872,587,213,413,254,563,885,393,489,203,614,896,492,1016,347,96,40,735,1080,697,297,438,757,876,670,871,890,741,796,323,583,13,1057,515,410,498,497,669,310,117,337,712,865,517,313,700,454,955,552,833,547,86,115,299,748,795,571,67,69,470,319,256,991,591,957,308,717,654,576,447,355,98,358,1069,690,189,1002,156,785,557,341,1037,398,234,582,679,243,478,535,611,95,639,278,233,477,688,486,505,281,986,79,111,528,1034,414,853,1007,186,675,190,933,12,107,151,44,359,408,74,627,293,637,93,854,395,607,10,385,302,705,837,935,257,284,766,893,877,159,981,271,919
Evaluation:0.480810010
Feasible: NO
203374.000000
Seed: 245441251