Path:478,1057,243,13,583,515,410,498,857,712,865,517,700,1072,313,454,552,955,535,582,679,234,833,547,94,119,398,1037,341,557,156,189,257,935,837,284,323,705,796,741,890,871,414,1034,670,697,1002,10,854,637,302,385,627,293,748,795,67,69,470,489,203,877,393,563,528,358,281,1069,486,79,111,505,690,785,607,395,93,86,74,408,438,297,876,757,115,299,359,44,107,151,12,675,933,571,1007,190,186,337,117,669,39,310,497,178,830,213,308,413,991,919,271,981,254,319,159,893,766,614,896,1016,492,1080,853,735,40,96,347,885,256,591,957,717,872,206,219,332,587,654,576,447,98,355,688,477,611,639,233,95,278,986
Evaluation:0.467906209
Feasible: NO
190161.000000
Seed: 245441251