Path:741,796,323,705,935,257,284,837,528,717,654,872,332,219,206,587,213,308,591,957,413,991,256,319,877,489,203,40,735,96,1016,393,563,885,159,254,981,919,271,156,690,189,1002,278,233,95,639,611,986,505,486,358,766,893,347,614,896,492,470,69,67,1007,12,44,107,151,454,700,313,552,955,1072,583,515,498,497,857,712,517,865,337,117,669,310,39,178,830,79,111,281,98,355,688,1069,477,447,576,13,478,535,582,679,234,1037,398,341,557,785,607,395,854,10,93,637,408,74,115,299,293,627,86,385,302,119,94,547,833,1057,243,410,795,748,571,933,190,186,675,359,670,890,871,414,1034,1080,853,697,757,876,438,297
Evaluation:0.468923396
Feasible: NO
227648.000000
Seed: 245441476