Path:477,688,355,576,447,654,219,206,332,872,587,717,256,319,981,919,271,991,591,413,213,957,308,337,712,857,583,478,243,13,535,1057,582,679,234,1037,341,557,156,690,189,1002,785,607,395,398,119,94,547,833,955,552,313,700,517,865,1072,454,896,614,203,470,69,748,795,571,933,190,675,359,670,414,1034,871,890,741,796,1080,853,697,876,757,297,438,408,74,115,44,107,186,1007,67,489,563,1069,278,233,639,95,611,986,10,854,93,637,627,302,385,86,293,299,151,12,735,40,96,877,393,885,159,254,830,117,310,669,39,178,497,410,498,515,98,486,505,79,111,281,358,528,257,935,837,284,705,323,492,1016,347,893,766
Evaluation:0.461977377
Feasible: NO
207485.000000
Seed: 245441476