Path:278,639,95,233,477,1069,355,98,358,688,833,547,94,398,119,302,93,10,854,395,785,607,637,293,627,86,385,741,796,323,837,935,766,893,563,885,528,257,284,705,890,871,1034,853,1007,190,151,107,12,359,438,297,757,876,408,74,115,299,44,675,186,933,571,748,795,470,69,67,735,40,96,1080,414,670,697,535,1057,243,410,498,857,712,517,700,313,454,552,955,1072,865,337,117,830,206,219,332,872,587,717,413,308,319,256,981,919,271,991,591,254,957,213,654,447,576,986,79,281,486,505,111,611,310,669,39,178,497,515,583,478,13,679,582,234,1037,341,557,690,189,1002,156,159,877,393,347,489,203,1016,896,614,492
Evaluation:0.461040323
Feasible: NO
164304.000000
Seed: 245441251