Path:830,117,337,310,39,669,857,712,865,517,1072,700,313,454,552,955,833,547,94,86,385,293,637,627,115,74,408,438,297,757,876,670,414,1034,890,871,697,359,44,151,107,12,675,186,190,933,571,795,748,69,470,319,256,591,413,213,717,654,576,447,477,1069,111,79,486,281,986,505,98,358,688,355,278,95,611,639,233,497,178,498,515,583,410,1057,478,582,1037,341,557,690,156,189,1002,785,607,395,119,398,234,679,535,13,243,1080,853,735,40,96,347,10,854,93,302,299,1007,67,489,203,492,614,896,1016,323,741,796,705,837,284,257,935,528,893,766,563,885,393,877,159,254,981,271,919,991,308,957,587,872,332,206,219
Evaluation:0.410844808
Feasible: NO
188431.000000
Seed: 245441251