Path:1007,186,675,12,190,933,571,748,795,40,735,96,1080,853,1034,414,670,697,876,438,297,74,115,299,44,107,151,359,871,890,741,796,837,257,766,893,563,885,393,877,347,203,896,614,1016,492,323,284,935,454,552,1072,700,313,517,865,117,337,712,955,833,547,94,119,1037,398,302,385,86,637,93,395,341,557,785,690,607,156,189,1002,854,10,627,293,408,757,705,528,358,505,79,111,986,278,639,611,95,233,830,178,669,310,39,857,498,410,497,515,583,243,13,478,1057,535,582,679,234,67,69,470,489,159,254,591,213,355,281,486,98,688,1069,477,447,308,957,413,991,319,271,919,981,256,332,219,206,587,872,717,654,576
Evaluation:0.429105873
Feasible: NO
185129.000000
Seed: 245441251