Path:547,833,13,535,478,243,410,857,454,552,955,1072,313,700,517,865,712,190,933,67,489,563,885,159,591,957,308,413,477,688,358,1069,486,281,505,355,98,1002,189,156,690,785,557,341,607,395,854,10,93,637,627,293,86,385,302,44,151,12,1007,735,40,935,257,766,893,837,284,705,323,890,670,757,115,299,74,408,438,876,853,1080,492,896,614,1016,96,741,796,871,414,1034,697,297,359,107,675,186,795,748,571,69,470,203,347,393,877,271,919,256,981,319,991,254,528,111,79,986,95,278,233,639,611,830,117,337,310,39,576,447,213,717,654,587,872,206,219,332,398,1037,119,94,234,679,582,1057,583,515,498,178,669,497
Evaluation:0.483530890
Feasible: NO
186303.000000
Seed: 245441251