Path:477,79,358,957,981,319,271,919,591,413,254,528,935,284,705,796,741,1080,853,414,670,1034,871,890,323,837,257,893,766,213,717,654,576,447,119,398,1037,341,557,1002,189,156,690,785,607,395,10,93,854,233,278,95,639,611,293,627,637,302,385,86,94,547,833,955,700,313,454,865,337,117,830,111,281,486,688,308,563,347,735,1007,12,675,186,190,933,107,44,359,151,299,115,74,408,438,297,876,757,697,40,96,1016,896,614,203,492,583,13,535,679,582,234,243,1057,478,515,410,498,497,669,178,39,310,857,712,517,1072,552,206,219,332,872,587,991,256,885,489,67,795,748,571,69,470,877,393,159,1069,505,986,355,98
Evaluation:0.511384605
Feasible: NO
178075.000000
Seed: 245441251