Path:591,991,256,919,271,981,393,877,489,203,1016,614,96,40,735,67,1007,190,675,12,151,359,115,74,408,438,414,871,796,705,893,766,654,587,872,206,219,332,717,957,254,159,885,563,347,896,492,741,323,257,935,528,576,447,477,486,505,1069,688,355,98,308,413,213,319,470,69,748,795,571,933,186,107,44,299,293,627,637,93,854,10,395,607,785,690,156,189,1002,557,341,278,95,639,233,611,111,281,986,79,358,837,284,890,1080,853,1034,670,697,297,757,876,830,498,515,583,535,478,1057,243,13,679,582,234,398,1037,86,385,302,119,94,547,833,857,410,497,178,39,310,669,117,337,865,1072,313,700,517,712,955,552,454
Evaluation:0.418791204
Feasible: NO
197412.000000
Seed: 245441251