Path:957,213,717,654,576,355,1069,98,111,79,986,505,358,528,257,837,284,705,935,766,893,254,256,991,591,413,308,690,607,785,10,1002,189,156,557,341,1037,398,833,1072,552,955,547,94,119,302,385,86,637,293,627,93,395,854,206,219,332,587,872,447,477,688,281,486,278,233,639,95,611,830,498,583,679,234,582,535,1057,13,243,478,515,712,865,517,700,313,454,697,853,1080,96,40,735,67,470,69,748,795,571,933,186,190,675,12,107,151,44,359,1007,410,857,497,178,39,669,310,117,337,299,115,74,408,438,297,876,757,670,890,871,414,1034,741,796,323,885,563,271,919,981,319,159,877,393,347,896,614,492,1016,203,489
Evaluation:0.458284900
Feasible: NO
237553.000000
Seed: 245441251