Path:735,40,96,614,896,1016,492,67,1007,190,675,933,571,795,748,69,203,347,893,528,358,486,477,1069,688,341,557,607,785,1002,189,156,690,98,355,505,111,281,986,79,233,639,95,611,278,830,117,337,865,517,313,700,955,1072,454,552,833,119,302,385,86,408,876,697,853,1080,414,871,890,323,796,741,1034,670,757,297,438,74,293,627,637,93,10,395,854,591,413,308,991,256,981,319,271,919,159,885,877,393,563,766,837,284,935,257,705,310,669,39,178,497,478,535,582,679,234,547,94,398,1037,447,576,654,206,219,332,872,587,717,213,957,254,489,470,186,107,12,359,151,44,299,115,410,515,583,243,13,1057,498,857,712
Evaluation:0.512082905
Feasible: NO
161263.000000
Seed: 245441251