Path:486,111,986,79,505,1069,688,355,98,477,281,611,639,233,278,95,234,679,535,1057,833,94,119,302,93,854,637,213,717,587,872,654,576,447,358,528,893,159,254,256,981,919,271,591,957,308,413,991,393,347,614,203,489,470,69,67,40,96,735,359,408,293,627,385,86,74,115,299,44,107,151,12,1007,186,190,675,933,571,795,748,310,669,337,117,830,896,1016,492,323,705,257,935,837,284,796,741,766,563,885,877,319,332,219,206,178,39,712,865,857,497,498,410,583,515,478,243,13,582,398,341,557,156,785,10,189,1002,690,607,395,1037,547,955,454,552,313,517,700,1072,297,438,757,876,697,670,853,414,1034,1080,871,890
Evaluation:0.504924297
Feasible: NO
186063.000000
Seed: 245441251