Path:337,117,611,639,233,95,278,505,358,308,413,991,256,319,271,919,981,159,393,877,766,347,1016,896,492,323,796,741,890,871,837,284,705,1057,243,478,535,679,582,234,398,341,557,156,785,607,690,189,1002,10,257,935,893,528,563,885,254,591,957,213,717,447,355,688,79,111,986,486,281,98,1069,477,576,654,872,587,332,219,206,830,178,39,712,865,454,313,700,552,955,1072,833,94,86,385,627,302,119,547,517,857,669,310,497,498,515,410,583,13,1037,395,854,93,637,293,74,408,438,297,876,757,670,1080,853,1034,414,697,359,1007,190,675,933,571,748,795,67,40,735,96,614,203,489,470,69,186,107,12,151,44,115,299
Evaluation:0.456705968
Feasible: NO
173190.000000
Seed: 245441251