Path:189,1002,690,156,785,607,10,293,627,637,385,302,93,854,395,557,341,1037,611,95,639,278,233,486,355,1069,505,281,111,79,986,688,358,98,477,717,213,957,254,885,563,393,489,203,614,96,1080,871,890,796,741,896,347,1016,492,735,40,67,470,69,748,795,571,933,186,675,190,1007,310,39,669,337,117,830,877,159,919,271,981,256,319,991,413,308,591,528,893,766,935,705,284,257,837,323,1072,712,517,865,857,178,497,498,515,410,583,243,13,1057,478,535,679,94,86,74,408,115,299,44,151,107,12,359,438,297,757,876,697,670,853,414,1034,552,700,454,313,955,833,547,119,398,234,582,206,219,332,587,872,654,447,576
Evaluation:0.462352803
Feasible: NO
191837.000000
Seed: 245441251