Path:323,284,837,935,515,535,1057,478,583,498,497,178,39,310,669,337,117,830,206,219,332,872,587,654,717,213,413,919,271,393,877,96,735,67,1007,757,297,438,876,408,74,299,44,107,151,12,190,186,675,933,571,795,748,69,470,489,203,614,492,896,1016,347,766,893,563,885,159,254,981,256,319,991,957,591,308,576,447,98,355,358,528,257,705,796,741,1034,1080,40,955,552,454,1072,313,700,517,865,712,857,410,243,13,582,679,234,1037,607,1002,189,853,414,890,871,670,697,359,115,627,10,854,395,557,341,398,94,833,547,119,302,385,86,293,637,93,477,1069,688,278,233,639,95,611,111,986,505,486,281,79,690,156,785
Evaluation:0.483950070
Feasible: NO
167533.000000
Seed: 245441251