Path:957,213,717,872,332,219,206,587,654,576,447,98,355,358,528,893,766,552,955,1072,454,313,700,517,865,712,857,410,515,243,478,1057,13,535,582,679,234,398,607,1002,785,637,74,408,438,297,757,876,697,670,414,1080,871,890,1034,853,735,40,96,741,796,284,837,935,257,705,323,492,614,896,1016,203,489,470,69,67,1007,675,12,107,44,627,293,385,302,347,877,393,563,885,159,254,591,308,1069,281,486,505,111,986,79,233,611,95,639,278,477,688,413,919,981,271,319,256,991,10,854,395,93,86,115,299,359,151,795,748,571,933,190,186,189,690,156,557,341,1037,119,94,547,833,583,498,497,178,39,669,310,337,117,830
Evaluation:0.437641124
Feasible: NO
217488.000000
Seed: 245441251