Path:935,837,257,284,705,796,741,890,955,833,547,94,119,398,670,1080,1034,871,323,347,766,893,528,337,117,669,39,310,497,857,865,517,712,1072,313,454,700,552,877,393,563,254,981,271,591,991,319,256,919,159,885,489,203,492,896,1016,614,96,735,40,67,470,69,748,795,571,933,675,190,186,1007,107,12,359,111,79,688,1069,505,486,281,986,690,156,557,341,1037,234,679,206,219,332,587,872,957,308,413,213,717,654,576,447,358,355,98,477,233,278,95,611,639,582,1057,478,535,13,243,515,583,410,498,178,830,414,853,697,876,757,297,438,408,74,115,44,151,299,293,86,385,302,637,627,93,10,854,395,607,785,1002,189
Evaluation:0.512415632
Feasible: NO
156136.000000
Seed: 245441476