Path:119,94,547,234,582,679,13,535,478,243,1057,583,410,515,498,117,337,712,1072,552,454,872,717,213,957,308,447,98,1069,688,505,486,477,95,639,611,233,278,576,654,587,332,219,206,854,10,93,627,637,293,302,385,86,347,877,393,563,885,254,159,528,358,355,281,79,986,111,395,785,607,1002,189,690,156,557,341,1037,398,833,955,313,700,517,865,857,39,669,310,497,178,830,748,795,67,489,981,319,256,591,413,991,271,919,470,69,571,933,190,186,675,1007,735,40,96,1016,614,203,896,492,1080,414,853,1034,871,890,741,796,705,284,837,257,893,766,935,323,670,697,757,876,297,438,408,74,115,299,44,107,151,12,359
Evaluation:0.444065391
Feasible: NO
184392.000000
Seed: 245441476