Path:830,117,337,865,313,955,454,552,1072,700,517,712,857,497,178,39,310,669,498,410,583,515,478,243,13,1057,535,679,582,234,833,547,94,119,398,1037,341,557,156,690,189,1002,607,785,395,10,854,93,637,627,293,86,385,302,408,74,115,299,44,107,151,12,675,186,1007,67,735,40,96,853,1080,1034,414,741,796,705,284,837,935,257,528,893,766,347,614,1016,896,492,323,890,871,670,697,757,876,438,297,359,190,933,571,795,748,69,470,489,203,877,393,563,885,159,254,981,919,271,319,256,991,591,957,413,308,213,717,98,355,1069,688,358,281,505,486,111,79,986,233,639,278,611,95,477,576,447,654,587,872,332,206,219
Evaluation:0.291409406
Feasible: YES
11444.000000
Seed: -8199181437409129773