Path:408,74,115,299,293,627,302,385,86,637,93,10,1002,189,607,395,854,219,206,332,587,872,254,159,271,67,69,470,748,795,571,933,186,190,675,107,12,151,44,359,1007,735,40,96,257,935,284,837,358,281,486,986,505,79,111,95,611,233,639,278,477,447,576,654,213,308,413,957,717,583,410,515,498,497,178,39,669,310,337,117,830,323,705,796,741,890,871,1080,853,1034,414,670,697,876,757,297,438,234,547,94,119,398,1037,341,557,785,156,690,877,885,563,393,489,203,614,492,896,1016,347,766,893,528,98,688,1069,355,243,1057,535,13,478,857,712,865,517,955,1072,700,454,313,552,833,679,582,981,319,991,256,591,919
Evaluation:0.483592008
Feasible: NO
142663.000000
Seed: 245441251