Path:871,890,741,796,284,837,766,893,528,79,111,986,854,10,785,607,1002,189,690,156,557,341,347,393,877,159,308,213,587,872,206,332,219,498,857,712,865,517,313,454,571,67,69,470,40,735,96,853,697,670,414,1034,1080,492,896,614,1016,203,489,830,117,337,1072,700,552,955,833,876,757,438,297,359,12,151,299,115,408,74,293,627,44,107,675,1007,190,186,933,611,639,95,278,233,486,505,935,257,705,323,669,310,39,178,497,410,515,583,478,13,1057,243,535,582,679,234,547,94,119,395,93,637,86,385,302,398,1037,748,795,477,98,355,688,358,563,885,271,319,256,991,254,981,919,591,957,413,717,654,447,576,1069,281
Evaluation:0.565577648
Feasible: NO
180680.000000
Seed: 245441476