Path:347,1016,614,203,489,393,877,159,254,563,885,766,893,528,358,486,505,986,355,688,477,576,654,219,206,332,872,587,717,213,991,256,319,271,981,919,591,413,957,308,447,98,1069,281,79,111,278,95,233,639,611,830,178,497,498,410,583,515,13,1057,478,243,535,234,582,679,833,547,94,119,398,1037,341,557,785,690,156,1002,189,190,675,1007,735,40,96,1034,414,670,876,757,297,438,359,12,107,44,115,74,408,299,293,627,637,93,395,607,10,854,86,385,302,151,186,933,571,795,748,69,470,67,492,896,935,257,837,284,705,323,741,796,871,890,1080,853,697,454,955,552,1072,313,700,517,865,712,857,39,310,669,117,337
Evaluation:0.390593098
Feasible: NO
201074.000000
Seed: 245441476