Path:297,438,408,74,115,299,302,385,86,627,293,637,93,854,10,395,607,557,341,1037,398,119,94,547,234,582,833,955,552,1072,700,313,454,1080,853,96,735,40,67,190,1007,757,876,670,1034,741,796,323,705,284,257,837,871,890,414,697,359,44,107,151,12,675,186,933,571,795,748,69,470,489,203,492,896,1016,614,498,410,497,178,39,857,517,865,712,1057,679,535,13,478,243,583,515,669,310,337,117,830,254,591,413,957,308,991,213,654,576,79,986,639,233,611,95,278,111,281,486,505,1069,477,98,688,358,355,447,587,332,219,206,872,717,528,893,563,885,159,271,919,981,319,256,877,393,347,766,935,156,690,785,1002,189
Evaluation:0.430123919
Feasible: NO
177535.000000
Seed: 245441251