Path:717,213,308,355,688,358,1069,986,278,639,233,611,95,281,486,79,505,111,98,477,576,447,654,872,587,332,206,219,795,748,571,933,186,675,190,359,74,408,438,297,757,876,697,670,414,1080,1034,853,871,890,741,796,323,705,837,284,935,257,766,347,393,877,957,413,591,991,256,156,690,557,785,607,1002,189,10,93,854,395,341,1037,398,119,94,547,234,582,679,535,478,243,13,1057,583,857,517,712,865,337,117,830,896,1016,614,492,40,735,96,454,955,552,700,313,1072,833,515,410,498,497,178,39,669,310,12,151,107,44,299,293,637,627,302,385,86,115,1007,67,69,470,203,489,563,885,919,271,981,319,254,159,893,528
Evaluation:0.432488369
Feasible: NO
196716.000000
Seed: 245441251