Path:454,552,700,955,833,547,94,86,385,302,795,748,69,470,203,489,877,393,159,254,256,319,271,919,981,563,885,614,1016,492,896,347,893,766,257,935,528,413,991,591,308,957,213,717,587,872,332,206,219,243,583,410,515,498,497,178,830,837,284,705,323,796,741,96,337,117,39,669,310,857,712,865,517,313,1072,233,639,95,611,278,486,281,505,986,111,79,355,358,1069,688,98,477,576,447,654,582,679,234,1037,341,557,785,156,690,607,395,119,398,535,1057,478,13,757,297,1007,359,44,299,115,151,107,12,190,675,186,933,571,67,735,40,853,1034,1080,414,871,890,670,697,876,438,408,74,627,293,637,93,854,10,1002,189
Evaluation:0.488126149
Feasible: NO
174902.000000
Seed: 245441251