Path:830,117,337,865,795,748,571,933,186,675,107,151,44,299,115,93,10,854,395,1002,189,690,607,785,156,557,341,582,234,398,1037,119,94,547,833,955,1072,712,857,178,39,669,310,497,498,515,583,410,13,535,243,478,1057,679,766,893,347,1016,614,96,40,735,741,323,284,257,935,837,705,796,871,890,670,876,297,438,757,697,414,1034,853,1080,492,896,203,489,877,393,981,271,919,254,159,885,563,528,413,991,591,213,957,308,358,986,79,111,505,281,486,700,517,313,552,454,219,206,332,872,587,717,256,319,470,69,67,1007,190,12,359,408,74,293,637,627,302,385,86,639,611,95,233,278,477,1069,355,98,688,576,447,654
Evaluation:0.443252989
Feasible: NO
163802.000000
Seed: 245441251