Path:877,393,347,896,614,1016,492,203,489,96,735,40,67,1007,857,410,583,515,498,497,669,310,39,178,830,853,1080,1034,414,741,796,705,837,935,284,257,528,358,355,1069,477,688,117,337,865,712,478,13,243,1057,535,547,94,119,302,385,86,563,885,159,271,981,919,206,219,332,872,587,717,213,308,413,957,591,254,991,256,319,654,576,447,98,281,111,986,95,639,611,233,278,79,505,486,766,893,323,890,871,670,697,297,438,408,74,115,299,44,151,107,12,675,359,757,876,1072,517,700,313,454,552,955,833,679,582,234,1037,398,341,557,156,690,189,1002,607,785,395,854,10,93,637,627,293,470,69,571,748,795,186,190,933
Evaluation:0.462595063
Feasible: NO
171785.000000
Seed: 245441251