Path:454,313,712,1057,13,243,583,857,865,517,1072,552,700,955,833,547,94,219,206,332,872,587,717,654,515,478,535,582,679,234,1037,398,119,302,385,86,627,293,299,115,74,408,438,297,757,876,670,414,1034,871,890,796,741,853,1080,40,735,1016,489,877,159,254,591,957,413,308,213,576,447,991,256,319,981,919,271,393,563,885,470,69,67,571,795,748,190,675,933,186,1007,12,151,44,107,359,697,96,614,896,492,203,347,766,893,528,355,1069,486,111,79,986,505,281,477,233,278,639,95,611,98,688,358,935,837,257,284,705,323,410,498,497,178,39,310,669,337,117,830,607,10,854,637,93,395,341,557,156,690,785,1002,189
Evaluation:0.425818099
Feasible: NO
175683.000000
Seed: 245441251