Path:156,189,690,95,611,278,639,233,505,281,486,111,986,79,477,1069,688,355,98,358,447,576,654,219,206,332,94,119,398,1037,341,557,785,607,395,1002,10,795,748,571,933,547,833,234,679,582,535,243,478,13,1057,583,410,515,498,497,359,115,74,408,438,297,757,876,697,670,1034,1080,853,414,871,890,741,796,284,837,705,257,528,256,981,319,159,885,563,893,766,935,323,492,896,614,1016,203,489,470,69,67,186,1007,107,151,637,627,854,93,86,385,302,293,299,44,12,675,190,40,735,96,347,393,877,271,919,717,587,872,213,413,957,308,591,254,991,830,117,337,669,310,39,178,857,712,865,517,1072,955,552,700,313,454
Evaluation:0.472034058
Feasible: NO
162237.000000
Seed: 245441476