Path:206,219,587,872,332,256,919,271,159,877,347,614,96,735,40,69,470,67,1007,186,675,190,12,107,151,359,44,299,115,74,408,438,297,757,876,697,871,796,705,257,935,837,284,515,583,243,535,582,679,234,398,86,93,557,341,1037,547,833,955,552,700,454,313,517,337,117,857,410,498,497,310,669,39,178,830,766,893,528,98,358,688,1069,355,447,189,1002,690,156,785,607,395,854,10,308,413,991,591,254,957,213,486,505,79,986,611,95,278,233,639,111,281,477,576,654,717,319,981,885,563,393,489,203,896,492,1016,323,741,890,1080,414,1034,853,670,627,293,637,385,302,119,94,1072,865,712,1057,478,13,933,571,748,795
Evaluation:0.478380725
Feasible: NO
182593.000000
Seed: 245441476