Path:830,117,337,498,515,243,583,410,39,310,497,178,669,857,712,865,517,955,700,1072,313,552,454,69,67,1007,12,44,151,293,627,637,93,854,302,385,86,115,299,359,735,40,96,614,896,203,347,893,766,563,890,871,670,876,757,297,438,408,74,107,13,535,582,679,234,398,119,94,547,833,957,159,885,254,991,256,319,981,919,271,393,877,489,470,748,795,571,933,186,190,675,697,414,853,1034,1080,492,1016,323,284,935,257,837,705,796,741,1057,478,219,332,587,872,206,654,477,278,233,639,95,611,111,79,986,505,486,576,447,717,213,308,591,413,528,358,281,688,355,98,1069,1037,341,557,785,1002,189,156,690,607,395,10
Evaluation:0.498640877
Feasible: NO
175577.000000
Seed: 245441251