Path:829,986,505,839,447,345,717,22,216,893,493,935,521,272,492,710,572,113,642,853,137,774,1032,299,74,627,786,180,607,1073,109,921,679,747,200,857,498,178,117,830
Evaluation:0.616235865
Feasible: YES
20175.000000
Seed: 5723319017465219268